1	1	1
1	5	5
2	4	6
3	6	6
4	1	1
1	3	1
2	2	4
3	1	1
1	3	2
2	5	5
3	1	5
4	3	3
5	3	5
6	6	1
7	2	3
8	3	6
9	1	5
10	6	2
11	1	4
12	2	2
13	3	5
14	5	1
15	4	1
16	1	2
17	2	2
18	5	1
19	2	1
20	6	2
21	6	1
22	6	1
23	3	5
24	6	2
25	1	6
26	4	4
27	2	4
28	1	5
29	4	2
30	4	3
31	3	1
32	4	1
33	2	2
34	4	5
35	6	3
36	5	5
37	5	2
38	4	1
39	2	6
40	1	4
41	5	1
42	4	5
43	2	1
44	3	1
45	3	3
46	3	4
47	1	6
48	3	3
49	4	1
50	2	4
51	4	5
52	2	2
53	1	5
54	2	6
55	6	1
56	5	5
57	4	5
58	5	5
59	1	2
60	3	6
61	5	6
62	5	5
63	6	2
64	3	6
65	3	2
66	1	2
67	4	3
68	6	1
69	1	2
70	5	5
71	2	5
72	5	1
73	2	3
74	2	6
75	1	6
76	3	3
77	2	1
78	6	3
79	3	3
80	2	3
81	4	3
82	1	5
83	3	2
84	1	1
1	1	5
2	1	3
3	2	5
4	1	2
5	6	4
6	5	5
7	4	6
8	1	6
9	3	4
10	4	4
11	5	2
12	1	2
13	3	4
14	4	4
15	4	6
16	6	5
17	5	2
18	2	6
19	1	6
20	3	6
21	1	3
22	2	6
23	5	3
24	4	2
25	6	2
26	3	1
27	3	6
28	3	1
29	6	2
30	5	4
31	3	4
32	5	4
33	5	1
34	4	3
35	1	6
36	5	2
37	4	4
38	3	2
39	3	1
40	2	3
41	1	5
42	1	1
1	1	3
2	4	2
3	4	4
4	5	6
5	2	5
6	6	3
7	4	5
8	3	1
9	5	5
10	2	5
11	2	4
12	4	1
13	4	1
14	5	3
15	1	6
16	4	4
17	5	5
18	3	3
19	3	5
20	6	5
21	3	4
22	3	2
23	3	2
24	5	6
25	2	2
26	1	2
27	5	4
28	3	4
29	2	1
30	5	6
31	6	2
32	1	5
33	5	1
34	5	1
35	4	4
36	2	4
37	5	2
38	1	4
39	1	2
40	2	5
41	5	4
42	3	1
43	6	6
44	1	3
45	3	5
46	5	6
47	2	2
48	6	4
49	5	3
50	2	1
51	2	2
52	6	6
53	4	3
54	1	5
55	6	5
56	3	5
57	2	5
58	6	5
59	2	4
60	1	3
61	5	3
62	1	4
63	5	4
64	5	2
65	6	2
66	2	4
67	1	2
68	1	4
69	3	4
70	2	1
71	4	6
72	4	1
73	2	5
74	1	2
75	1	1
1	6	3
2	4	2
3	4	4
4	6	1
5	6	2
6	3	5
7	3	5
8	6	3
9	2	2
10	4	6
11	3	4
12	6	1
13	3	3
14	3	4
15	6	5
16	3	3
17	6	6
18	3	2
19	2	6
20	3	3
21	2	1
22	4	2
23	2	2
24	6	1
25	1	4
26	3	5
27	3	4
28	2	4
29	2	3
30	2	4
31	2	4
32	5	5
33	6	5
34	5	5
35	4	4
36	6	5
37	3	5
38	6	3
39	5	3
40	6	1
41	1	2
42	3	3
43	5	3
44	4	3
45	1	6
46	1	4
47	1	2
48	1	2
49	1	2
50	5	4
51	1	4
52	2	4
53	2	5
54	5	5
55	6	4
56	5	2
57	1	3
58	1	2
59	6	1
60	4	3
61	2	6
62	6	1
63	1	4
64	2	3
65	3	4
66	2	3
67	3	5
68	5	4
69	4	4
70	5	1
71	5	6
72	6	1
73	3	4
74	4	6
75	2	6
76	4	2
77	5	4
78	1	4
79	4	3
80	2	6
81	6	2
82	2	2
83	3	1
84	3	3
85	3	1
86	2	4
87	4	1
88	6	6
89	5	4
90	3	4
91	2	1
92	2	6
93	6	1
94	5	2
95	5	3
96	2	4
97	4	5
98	3	5
99	4	5
100	2	2
101	5	3
102	3	3
103	1	1
1	6	5
2	2	6
3	4	1
4	6	3
5	3	3
6	2	2
7	6	2
8	4	3
9	6	2
10	2	4
11	5	6
12	6	3
13	4	5
14	5	2
15	6	5
16	6	2
17	6	2
18	1	3
19	6	1
20	3	6
21	5	6
22	1	6
23	6	4
24	2	1
25	5	4
26	1	4
27	3	6
28	3	5
29	4	1
30	3	6
31	2	5
32	2	1
33	3	6
34	3	2
35	3	6
36	4	6
37	5	2
38	5	6
39	5	4
40	1	2
41	2	4
42	6	1
43	6	4
44	2	1
45	5	4
46	1	6
47	5	2
48	4	1
49	3	6
50	3	2
51	3	4
52	1	3
53	5	1
54	3	4
55	2	1
56	2	2
57	6	4
58	4	1
59	4	4
60	1	5
61	4	3
62	5	4
63	3	2
64	2	1
65	1	6
66	2	1
67	6	2
68	4	4
69	4	5
70	3	4
71	3	4
72	5	2
73	4	1
74	4	6
75	2	2
76	2	2
77	3	2
78	2	1
79	3	2
80	3	6
81	3	6
82	1	2
83	5	3
84	5	3
85	3	4
86	3	6
87	1	4
88	6	3
89	1	3
90	5	4
91	3	2
92	2	2
93	6	5
94	1	6
95	6	4
96	1	6
97	2	5
98	2	5
99	1	4
100	2	4
101	1	6
102	5	2
103	2	1
104	4	3
105	3	6
106	2	5
107	1	6
108	2	3
109	2	6
110	3	3
111	5	5
112	2	2
113	6	2
114	6	3
115	6	1
116	2	5
117	6	4
118	5	1
119	6	6
120	4	2
121	5	4
122	2	2
123	1	2
124	3	3
125	6	2
126	6	2
127	2	3
128	3	4
129	1	4
130	4	6
131	5	5
132	1	6
133	3	6
134	3	5
135	3	3
136	5	4
137	6	6
138	6	4
139	2	5
140	5	2
141	2	3
142	5	5
143	3	6
144	1	1
1	1	6
2	5	4
3	5	6
4	4	2
5	6	1
6	2	3
7	1	2
8	1	2
9	6	3
10	6	5
11	3	3
12	4	3
13	5	6
14	5	6
15	1	6
16	6	6
17	4	1
18	1	5
19	2	1
20	4	2
21	1	2
22	1	5
23	3	5
24	2	1
25	1	2
26	6	1
27	4	3
28	6	4
29	3	4
30	6	6
31	1	6
32	2	2
33	1	3
34	2	2
35	3	1
36	5	2
37	1	2
38	6	4
39	1	1
1	6	4
2	2	5
3	4	2
4	3	2
5	6	3
6	5	1
7	4	6
8	4	4
9	4	5
10	6	5
11	4	1
12	4	4
13	3	5
14	2	5
15	1	4
16	5	2
17	4	5
18	2	1
19	6	6
20	3	4
21	5	1
22	6	5
23	4	1
24	2	5
25	3	4
26	4	2
27	4	6
28	3	2
29	6	2
30	2	6
31	4	6
32	6	4
33	4	2
34	4	1
35	3	1
36	2	5
37	2	5
38	4	1
39	5	2
40	2	2
41	2	2
42	6	5
43	4	4
44	2	4
45	3	6
46	4	6
47	5	4
48	1	1
1	1	3
2	3	1
3	4	5
4	1	1
1	6	2
2	4	4
3	4	5
4	4	2
5	6	6
6	3	3
7	5	6
8	4	6
9	2	2
10	4	3
11	5	3
12	5	3
13	5	2
14	1	1
1	4	3
2	5	1
3	5	4
4	4	4
5	5	5
6	6	6
7	5	1
8	1	2
9	1	6
10	1	6
11	2	4
12	5	3
13	1	2
14	4	6
15	2	6
16	1	3
17	4	6
18	5	2
19	1	4
20	1	3
21	2	1
22	5	4
23	5	4
24	2	6
25	4	2
26	5	3
27	1	6
28	2	3
29	5	5
30	5	4
31	6	5
32	1	5
33	1	5
34	5	3
35	5	6
36	6	5
37	1	5
38	2	6
39	3	4
40	2	1
41	4	2
42	2	4
43	6	2
44	5	6
45	4	4
46	6	2
47	1	1
1	4	4
2	3	4
3	3	6
4	6	6
5	1	4
6	4	3
7	1	4
8	6	2
9	6	1
10	6	6
11	3	2
12	1	3
13	4	4
14	5	5
15	2	1
16	1	1
1	1	5
2	4	2
3	1	1
1	6	1
2	3	6
3	2	5
4	3	3
5	2	2
6	4	3
7	5	5
8	2	3
9	5	4
10	4	1
11	1	1
1	6	2
2	5	5
3	5	3
4	4	2
5	3	3
6	6	1
7	3	3
8	3	6
9	4	6
10	1	1
1	6	2
2	5	3
3	2	2
4	1	2
5	5	2
6	2	2
7	5	4
8	5	1
9	4	2
10	6	3
11	2	1
12	2	2
13	4	5
14	4	6
15	6	6
16	5	1
17	6	2
18	4	5
19	1	3
20	4	2
21	5	1
22	1	4
23	3	1
24	5	1
25	6	6
26	3	2
27	2	6
28	6	2
29	4	1
30	4	2
31	2	3
32	3	5
33	6	5
34	1	5
35	6	4
36	5	2
37	2	5
38	4	3
39	5	1
40	2	2
41	4	1
42	5	1
43	5	1
44	6	2
45	3	3
46	2	3
47	3	3
48	4	1
49	6	4
50	1	1
1	4	6
2	2	2
3	1	6
4	1	2
5	6	6
6	1	2
7	1	4
8	5	3
9	4	4
10	1	5
11	1	1
1	4	3
2	2	2
3	6	1
4	5	6
5	4	1
6	6	6
7	2	4
8	3	5
9	4	5
10	6	2
11	1	4
12	5	3
13	4	3
14	3	3
15	1	3
16	2	6
17	1	2
18	1	1
1	6	4
2	6	1
3	2	6
4	5	6
5	3	1
6	5	5
7	6	6
8	5	3
9	1	5
10	3	4
11	5	4
12	1	1
1	1	4
2	5	3
3	4	4
4	1	3
5	5	6
6	2	3
7	5	1
8	3	3
9	1	1
1	6	2
2	3	1
3	1	5
4	6	4
5	2	2
6	6	4
7	6	6
8	3	4
9	2	6
10	1	4
11	6	6
12	3	3
13	5	2
14	3	3
15	2	5
16	5	4
17	5	1
18	1	2
19	3	5
20	3	2
21	1	6
22	3	5
23	6	6
24	3	4
25	3	6
26	4	1
27	5	6
28	3	1
29	3	2
30	6	5
31	5	3
32	2	6
33	4	3
34	2	6
35	4	2
36	5	1
37	6	2
38	6	4
39	6	6
40	3	4
41	6	4
42	4	2
43	3	1
44	2	5
45	5	3
46	3	3
47	4	2
48	3	3
49	1	4
50	3	1
51	4	1
52	3	3
53	1	3
54	5	4
55	1	4
56	3	2
57	2	5
58	3	1
59	5	3
60	3	5
61	5	5
62	4	1
63	6	1
64	6	5
65	6	1
66	5	6
67	1	6
68	6	3
69	6	1
70	4	4
71	1	1
1	1	5
2	3	3
3	1	2
4	2	2
5	4	1
6	6	6
7	3	5
8	4	2
9	4	4
10	1	4
11	6	4
12	6	3
13	6	5
14	3	3
15	4	6
16	5	1
17	1	6
18	2	1
19	4	5
20	4	1
21	4	6
22	3	1
23	2	6
24	2	3
25	3	4
26	6	3
27	5	2
28	2	4
29	5	1
30	2	6
31	6	2
32	3	4
33	1	4
34	4	1
35	2	1
36	1	5
37	3	5
38	1	2
39	1	1
1	4	4
2	5	1
3	5	6
4	5	4
5	4	4
6	4	5
7	4	2
8	2	5
9	4	6
10	6	4
11	4	6
12	4	4
13	4	1
14	1	4
15	6	2
16	3	4
17	5	2
18	2	1
19	2	2
20	6	4
21	4	3
22	4	5
23	4	4
24	6	3
25	1	6
26	5	3
27	5	3
28	1	3
29	4	2
30	5	1
31	5	5
32	6	6
33	6	6
34	2	3
35	1	6
36	2	6
37	1	3
38	1	4
39	1	4
40	4	2
41	4	5
42	2	3
43	4	4
44	2	5
45	5	4
46	3	5
47	5	1
48	5	4
49	4	5
50	1	4
51	2	4
52	6	6
53	1	3
54	6	6
55	2	3
56	1	5
57	3	3
58	2	4
59	6	1
60	6	6
61	1	4
62	3	6
63	1	5
64	4	3
65	5	6
66	1	5
67	3	4
68	1	2
69	1	4
70	5	1
71	4	3
72	1	3
73	5	6
74	1	2
75	3	5
76	6	2
77	1	1
1	1	6
2	5	5
3	3	6
4	3	3
5	6	4
6	4	2
7	2	5
8	2	4
9	6	4
10	4	4
11	2	2
12	5	6
13	3	1
14	4	3
15	6	6
16	5	2
17	3	4
18	6	3
19	2	4
20	1	3
21	3	3
22	3	6
23	4	2
24	4	5
25	2	5
26	1	4
27	4	1
28	5	1
29	3	5
30	4	4
31	2	3
32	1	6
33	1	1
1	5	4
2	5	1
3	3	6
4	3	1
5	6	3
6	1	1
1	6	3
2	5	6
3	2	1
4	6	6
5	4	6
6	2	6
7	5	2
8	4	4
9	5	6
10	2	4
11	6	6
12	6	1
13	5	3
14	1	3
15	5	3
16	4	2
17	5	4
18	3	3
19	5	2
20	1	6
21	2	1
22	3	1
23	5	5
24	3	2
25	4	6
26	1	1
1	3	5
2	4	1
3	1	2
4	5	4
5	6	1
6	5	5
7	4	2
8	5	2
9	6	1
10	5	4
11	6	5
12	6	5
13	3	5
14	3	4
15	1	5
16	2	2
17	3	1
18	2	5
19	3	5
20	6	4
21	1	4
22	4	1
23	6	2
24	5	2
25	4	3
26	4	4
27	1	2
28	2	5
29	3	6
30	3	1
31	2	2
32	2	2
33	3	5
34	2	5
35	2	2
36	2	4
37	5	6
38	4	6
39	1	5
40	2	5
41	1	5
42	4	5
43	6	1
44	6	3
45	3	2
46	4	2
47	2	6
48	6	4
49	5	6
50	2	5
51	5	2
52	2	2
53	2	3
54	6	6
55	5	4
56	2	5
57	2	3
58	2	4
59	3	6
60	4	5
61	6	5
62	4	6
63	3	3
64	5	4
65	3	4
66	4	5
67	4	1
68	5	6
69	1	1
1	3	6
2	4	1
3	6	3
4	5	3
5	4	1
6	3	1
7	2	5
8	4	1
9	1	4
10	5	1
11	2	6
12	3	1
13	2	4
14	4	2
15	3	1
16	4	6
17	6	3
18	3	6
19	4	1
20	2	5
21	6	5
22	5	3
23	5	3
24	3	4
25	1	3
26	3	1
27	2	5
28	3	1
29	1	1
1	2	3
2	2	2
3	4	2
4	3	3
5	6	2
6	3	6
7	5	4
8	5	3
9	5	6
10	5	4
11	6	6
12	1	1
1	1	1
1	2	3
2	4	2
3	5	4
4	2	4
5	6	6
6	2	2
7	3	3
8	5	1
9	1	3
10	6	6
11	2	6
12	2	6
13	1	3
14	1	6
15	4	6
16	6	1
17	2	1
18	6	2
19	1	5
20	1	3
21	2	5
22	4	5
23	1	5
24	4	6
25	1	4
26	6	1
27	6	2
28	6	1
29	2	4
30	6	5
31	2	2
32	6	5
33	1	3
34	1	3
35	6	1
36	1	2
37	6	5
38	1	2
39	4	3
40	4	3
41	6	5
42	6	6
43	5	1
44	6	5
45	5	1
46	4	6
47	6	5
48	1	4
49	6	2
50	3	4
51	3	2
52	2	6
53	5	5
54	6	1
55	3	6
56	4	2
57	5	6
58	6	1
59	1	6
60	3	5
61	6	1
62	6	4
63	6	3
64	2	5
65	6	1
66	4	2
67	6	6
68	6	4
69	4	5
70	1	2
71	6	3
72	5	2
73	6	6
74	1	3
75	2	4
76	1	6
77	2	1
78	1	4
79	3	6
80	5	4
81	1	2
82	6	6
83	2	3
84	6	5
85	4	2
86	2	1
87	1	4
88	6	3
89	1	1
1	4	2
2	2	6
3	3	6
4	5	2
5	1	3
6	2	6
7	3	5
8	1	2
9	5	4
10	4	4
11	1	5
12	3	6
13	4	5
14	5	4
15	2	1
16	1	5
17	5	6
18	3	5
19	2	6
20	6	4
21	1	6
22	3	3
23	5	6
24	3	5
25	2	5
26	6	1
27	2	1
28	6	2
29	5	1
30	2	5
31	2	3
32	1	4
33	4	4
34	3	4
35	6	6
36	3	5
37	2	1
38	4	4
39	3	4
40	6	1
41	3	2
42	6	6
43	4	4
44	6	5
45	3	1
46	6	3
47	3	4
48	3	2
49	5	3
50	2	5
51	1	4
52	2	2
53	5	1
54	3	1
55	6	4
56	3	5
57	3	5
58	6	6
59	2	2
60	6	6
61	1	6
62	2	6
63	5	1
64	1	2
65	4	1
66	2	5
67	5	5
68	6	4
69	6	2
70	3	4
71	4	4
72	5	4
73	1	5
74	3	2
75	2	4
76	3	4
77	1	4
78	3	5
79	1	2
80	4	1
81	4	4
82	5	4
83	6	2
84	6	1
85	3	6
86	6	2
87	5	3
88	1	6
89	4	2
90	4	6
91	4	3
92	2	2
93	1	5
94	4	6
95	4	4
96	6	2
97	1	2
98	2	2
99	1	6
100	1	6
101	4	2
102	4	6
103	2	5
104	3	3
105	6	3
106	6	2
107	6	3
108	5	3
109	6	1
110	5	6
111	4	6
112	1	6
113	6	3
114	6	2
115	1	2
116	2	3
117	6	1
118	1	2
119	5	5
120	4	2
121	1	4
122	5	4
123	1	5
124	1	1
1	5	4
2	4	2
3	2	1
4	4	6
5	5	5
6	5	6
7	5	5
8	3	3
9	4	5
10	4	3
11	3	2
12	6	4
13	4	6
14	3	4
15	2	6
16	4	4
17	2	3
18	6	2
19	1	1
1	3	3
2	1	2
3	4	1
4	1	1
1	1	5
2	3	6
3	1	3
4	2	2
5	6	4
6	2	1
7	3	3
8	1	3
9	2	4
10	6	1
11	4	6
12	4	4
13	3	5
14	6	5
15	5	4
16	1	1
1	3	3
2	5	1
3	2	3
4	5	4
5	1	5
6	6	4
7	3	4
8	6	3
9	2	2
10	2	4
11	2	3
12	1	3
13	4	2
14	5	4
15	4	5
16	6	4
17	1	3
18	3	4
19	2	6
20	2	5
21	1	6
22	2	4
23	3	6
24	4	1
25	2	3
26	6	5
27	5	3
28	6	1
29	1	5
30	5	4
31	5	1
32	6	6
33	1	3
34	1	6
35	4	3
36	6	4
37	1	5
38	4	2
39	4	3
40	1	4
41	6	6
42	6	5
43	6	5
44	4	1
45	1	1
1	6	3
2	4	6
3	6	6
4	6	5
5	1	3
6	5	3
7	6	6
8	2	4
9	6	1
10	5	5
11	3	2
12	3	5
13	5	4
14	2	5
15	6	4
16	4	2
17	3	3
18	4	1
19	4	2
20	6	2
21	3	5
22	1	3
23	1	3
24	2	6
25	4	1
26	5	2
27	3	4
28	4	2
29	6	3
30	2	4
31	6	1
32	2	3
33	2	6
34	1	5
35	6	4
36	3	6
37	4	2
38	2	2
39	3	5
40	6	3
41	6	2
42	6	3
43	3	4
44	6	2
45	6	1
46	2	1
47	3	2
48	2	1
49	5	5
50	5	4
51	4	6
52	3	1
53	3	5
54	5	2
55	3	1
56	3	3
57	2	1
58	6	1
59	6	1
60	3	5
61	6	4
62	3	4
63	2	4
64	1	2
65	2	3
66	6	5
67	1	6
68	1	5
69	1	4
70	6	3
71	5	6
72	6	3
73	5	3
74	6	3
75	2	3
76	1	2
77	3	4
78	4	4
79	6	6
80	3	2
81	1	3
82	4	6
83	1	6
84	5	2
85	1	4
86	3	1
87	4	5
88	4	1
89	5	1
90	2	5
91	5	5
92	6	6
93	1	1
1	6	6
2	6	2
3	3	1
4	6	2
5	1	2
6	4	4
7	3	3
8	4	3
9	2	6
10	6	5
11	2	1
12	3	4
13	3	5
14	3	4
15	5	2
16	6	1
17	1	6
18	4	2
19	6	4
20	3	5
21	3	6
22	2	3
23	3	6
24	3	3
25	6	2
26	3	5
27	6	3
28	4	6
29	2	5
30	1	6
31	2	4
32	1	2
33	2	5
34	4	3
35	2	6
36	2	5
37	4	5
38	5	5
39	3	4
40	4	4
41	5	1
42	4	5
43	6	4
44	3	5
45	4	3
46	6	4
47	5	1
48	1	5
49	2	6
50	4	5
51	4	6
52	2	4
53	1	3
54	1	2
55	6	6
56	3	1
57	1	1
1	5	6
2	1	4
3	3	1
4	4	4
5	6	2
6	4	6
7	2	5
8	1	6
9	3	6
10	5	4
11	5	5
12	4	3
13	5	5
14	5	5
15	3	2
16	3	4
17	6	2
18	6	5
19	3	1
20	2	2
21	1	3
22	6	1
23	5	4
24	3	4
25	3	1
26	4	1
27	2	6
28	5	1
29	1	2
30	5	1
31	4	4
32	5	6
33	6	4
34	1	3
35	5	4
36	3	6
37	6	3
38	4	1
39	6	2
40	2	5
41	2	5
42	4	2
43	1	2
44	4	5
45	5	2
46	6	5
47	6	4
48	1	4
49	2	3
50	5	3
51	4	6
52	3	3
53	2	6
54	3	5
55	3	1
56	3	1
57	3	6
58	4	5
59	4	5
60	1	4
61	4	1
62	2	6
63	5	3
64	4	1
65	5	5
66	2	3
67	4	4
68	3	6
69	1	1
1	1	1
1	1	2
2	1	2
3	6	2
4	4	5
5	1	6
6	3	2
7	3	5
8	1	3
9	3	2
10	6	5
11	5	4
12	2	4
13	6	4
14	5	3
15	4	6
16	2	3
17	1	6
18	3	1
19	6	1
20	1	1
1	2	4
2	2	1
3	1	4
4	3	2
5	4	5
6	2	4
7	2	4
8	1	6
9	5	3
10	5	3
11	3	6
12	1	2
13	5	3
14	5	4
15	1	3
16	6	3
17	4	6
18	2	5
19	5	2
20	4	4
21	4	4
22	3	5
23	2	6
24	5	4
25	2	5
26	2	2
27	5	5
28	3	6
29	2	1
30	2	3
31	3	5
32	1	5
33	3	6
34	4	3
35	3	2
36	6	4
37	2	2
38	5	1
39	5	6
40	1	6
41	6	3
42	1	2
43	3	2
44	5	1
45	1	4
46	4	6
47	4	1
48	4	2
49	5	3
50	5	4
51	3	2
52	6	2
53	3	1
54	5	5
55	5	3
56	2	3
57	6	4
58	2	5
59	3	6
60	1	3
61	5	5
62	5	1
63	4	3
64	6	1
65	1	2
66	3	4
67	4	4
68	6	3
69	6	5
70	6	6
71	3	1
72	5	2
73	6	4
74	3	3
75	3	4
76	1	4
77	4	1
78	4	2
79	2	6
80	1	4
81	1	6
82	3	2
83	3	6
84	2	4
85	6	3
86	6	3
87	1	3
88	5	3
89	4	5
90	6	2
91	3	1
92	2	2
93	3	3
94	1	5
95	1	1
1	2	5
2	6	5
3	3	4
4	3	2
5	1	4
6	5	1
7	2	1
8	2	5
9	6	4
10	6	3
11	3	4
12	3	5
13	3	1
14	5	1
15	4	1
16	5	6
17	5	1
18	1	2
19	5	4
20	2	3
21	4	5
22	5	5
23	5	6
24	4	1
25	6	6
26	4	2
27	4	1
28	4	5
29	5	3
30	3	3
31	5	5
32	4	6
33	3	5
34	2	1
35	1	4
36	6	3
37	5	4
38	4	4
39	4	2
40	5	4
41	3	2
42	3	3
43	3	2
44	4	1
45	6	1
46	3	4
47	1	5
48	2	6
49	2	5
50	2	6
51	5	5
52	1	2
53	2	3
54	6	4
55	5	6
56	2	2
57	2	2
58	6	6
59	1	4
60	1	3
61	6	6
62	6	4
63	3	2
64	6	3
65	4	3
66	4	6
67	2	4
68	1	2
69	3	4
70	2	3
71	6	2
72	2	6
73	1	1
1	1	6
2	6	4
3	1	3
4	5	1
5	2	3
6	3	5
7	2	3
8	3	5
9	1	5
10	2	2
11	6	5
12	1	6
13	2	4
14	4	4
15	2	1
16	3	3
17	1	2
18	6	5
19	2	3
20	1	1
1	6	4
2	1	5
3	6	4
4	6	4
5	5	3
6	5	2
7	5	1
8	5	6
9	5	6
10	3	5
11	1	5
12	1	3
13	2	4
14	6	6
15	6	5
16	5	2
17	5	4
18	2	1
19	1	1
1	2	1
2	5	4
3	4	6
4	6	2
5	5	6
6	6	4
7	6	4
8	4	6
9	5	4
10	3	3
11	5	3
12	1	2
13	2	2
14	5	6
15	1	5
16	6	2
17	4	6
18	4	6
19	2	5
20	1	5
21	3	4
22	3	2
23	3	4
24	2	3
25	3	6
26	4	3
27	6	1
28	5	5
29	6	5
30	1	5
31	4	3
32	1	5
33	2	3
34	6	3
35	1	6
36	1	1
1	6	5
2	5	2
3	5	3
4	1	6
5	3	1
6	3	3
7	6	2
8	1	6
9	2	3
10	3	1
11	6	1
12	6	2
13	2	2
14	6	1
15	3	1
16	3	1
17	4	6
18	1	3
19	2	1
20	3	3
21	1	4
22	6	1
23	3	5
24	5	4
25	1	6
26	5	1
27	2	6
28	6	2
29	4	4
30	3	2
31	5	6
32	2	2
33	3	4
34	5	2
35	5	4
36	6	1
37	5	2
38	1	3
39	4	2
40	4	6
41	6	6
42	6	5
43	1	3
44	3	1
45	6	6
46	2	1
47	4	1
48	3	6
49	3	3
50	1	5
51	4	1
52	6	6
53	5	5
54	1	3
55	5	6
56	6	4
57	4	2
58	3	2
59	1	5
60	3	5
61	2	5
62	3	4
63	2	5
64	4	3
65	5	2
66	2	3
67	1	6
68	1	3
69	4	4
70	4	2
71	1	5
72	5	3
73	4	3
74	2	5
75	5	4
76	1	4
77	5	4
78	1	3
79	3	6
80	3	3
81	1	6
82	4	3
83	4	2
84	5	4
85	3	6
86	1	1
1	1	3
2	5	5
3	4	6
4	1	5
5	4	4
6	1	5
7	4	1
8	4	5
9	4	5
10	5	5
11	4	2
12	2	3
13	2	6
14	5	6
15	5	6
16	6	1
17	3	4
18	6	3
19	4	2
20	1	2
21	5	6
22	1	4
23	4	1
24	5	2
25	6	4
26	1	1
1	1	4
2	4	6
3	6	5
4	6	1
5	1	3
6	1	4
7	5	2
8	2	6
9	4	3
10	3	2
11	4	6
12	1	1
1	6	6
2	5	5
3	3	3
4	2	1
5	2	3
6	4	5
7	5	6
8	4	2
9	4	4
10	1	5
11	3	3
12	1	5
13	1	1
1	6	4
2	1	1
1	3	6
2	2	1
3	4	2
4	1	4
5	1	1
1	2	5
2	2	2
3	4	3
4	6	1
5	3	5
6	4	6
7	6	1
8	3	4
9	3	1
10	1	5
11	6	1
12	3	3
13	1	2
14	2	1
15	1	6
16	6	1
17	4	1
18	1	3
19	5	1
20	3	4
21	2	4
22	5	4
23	4	1
24	5	6
25	6	1
26	3	3
27	1	3
28	1	6
29	1	3
30	3	2
31	5	3
32	2	2
33	5	5
34	3	5
35	6	5
36	4	1
37	2	5
38	3	2
39	6	5
40	6	3
41	3	2
42	2	5
43	1	3
44	5	2
45	2	6
46	4	1
47	3	4
48	2	4
49	5	5
50	1	6
51	5	4
52	4	6
53	3	6
54	1	1
1	2	4
2	4	2
3	4	1
4	5	1
5	2	2
6	6	5
7	6	1
8	5	4
9	5	4
10	6	3
11	5	4
12	5	4
13	1	5
14	2	4
15	3	6
16	5	5
17	5	4
18	3	4
19	2	2
20	1	6
21	5	4
22	2	1
23	5	5
24	4	4
25	1	2
26	5	4
27	6	2
28	6	2
29	1	5
30	5	4
31	4	6
32	4	2
33	1	3
34	3	2
35	4	3
36	2	2
37	6	3
38	1	6
39	6	3
40	4	1
41	4	4
42	6	5
43	4	1
44	6	1
45	5	1
46	2	4
47	1	6
48	4	1
49	6	6
50	4	5
51	6	3
52	3	3
53	6	2
54	6	1
55	1	6
56	3	1
57	6	5
58	1	2
59	3	6
60	5	6
61	3	3
62	4	3
63	5	3
64	2	5
65	1	5
66	4	6
67	2	3
68	6	4
69	5	4
70	2	2
71	2	5
72	5	5
73	2	4
74	3	2
75	2	6
76	1	6
77	5	6
78	2	6
79	4	3
80	5	3
81	6	6
82	4	4
83	1	2
84	4	1
85	1	3
86	1	4
87	5	6
88	6	3
89	1	3
90	5	1
91	4	4
92	5	2
93	4	2
94	1	4
95	6	5
96	5	1
97	2	3
98	2	3
99	5	3
100	3	6
101	2	6
102	6	1
103	2	3
104	6	6
105	1	6
106	1	3
107	5	3
108	6	6
109	4	4
110	4	6
111	1	1
1	3	3
2	6	3
3	6	3
4	2	2
5	5	2
6	2	1
7	2	3
8	4	4
9	3	1
10	1	1
1	3	5
2	1	6
3	3	4
4	3	5
5	3	3
6	3	3
7	6	1
8	5	2
9	5	2
10	4	6
11	2	4
12	6	3
13	6	5
14	6	1
15	3	2
16	6	5
17	5	4
18	1	1
1	3	2
2	4	6
3	2	6
4	1	3
5	1	6
6	3	6
7	3	2
8	5	5
9	4	4
10	6	5
11	3	6
12	6	2
13	4	4
14	3	4
15	4	6
16	3	5
17	2	2
18	2	1
19	4	6
20	6	3
21	5	1
22	4	4
23	3	5
24	3	4
25	5	3
26	2	5
27	1	4
28	5	3
29	1	5
30	2	2
31	5	3
32	3	3
33	4	4
34	4	2
35	5	2
36	1	4
37	3	6
38	1	4
39	5	1
40	6	4
41	4	3
42	2	6
43	4	3
44	1	3
45	6	3
46	6	3
47	4	1
48	2	4
49	2	6
50	4	5
51	3	2
52	1	2
53	2	5
54	3	3
55	2	6
56	6	2
57	5	1
58	4	4
59	1	2
60	6	5
61	5	3
62	6	2
63	3	1
64	2	4
65	1	1
1	1	2
2	2	4
3	5	5
4	5	4
5	3	6
6	4	2
7	6	1
8	5	4
9	3	3
10	5	5
11	5	2
12	3	4
13	1	2
14	1	5
15	1	3
16	1	4
17	2	1
18	3	4
19	2	1
20	1	1
1	2	2
2	3	5
3	2	3
4	5	4
5	1	2
6	3	6
7	1	6
8	3	3
9	3	5
10	2	1
11	4	2
12	2	2
13	3	6
14	4	5
15	6	1
16	5	5
17	5	2
18	1	3
19	6	1
20	2	2
21	2	6
22	2	4
23	3	2
24	4	3
25	3	2
26	6	3
27	3	1
28	6	5
29	5	3
30	2	1
31	2	5
32	1	5
33	1	6
34	5	6
35	4	3
36	5	1
37	2	5
38	4	5
39	2	3
40	2	3
41	1	5
42	1	5
43	6	6
44	6	5
45	6	1
46	6	1
47	1	3
48	6	5
49	6	2
50	4	2
51	4	1
52	1	2
53	6	4
54	1	5
55	2	6
56	2	2
57	2	1
58	4	2
59	1	2
60	1	3
61	3	5
62	5	1
63	3	5
64	4	5
65	4	4
66	5	1
67	1	3
68	1	2
69	4	2
70	3	2
71	6	4
72	5	2
73	5	6
74	1	3
75	5	5
76	3	2
77	4	5
78	5	6
79	1	4
80	1	4
81	5	1
82	2	6
83	3	3
84	1	1
1	5	2
2	4	5
3	3	5
4	6	4
5	3	4
6	6	4
7	6	2
8	6	1
9	1	1
1	3	6
2	3	2
3	4	3
4	1	5
5	4	3
6	3	6
7	3	2
8	1	1
1	4	4
2	6	4
3	5	5
4	1	6
5	4	6
6	5	2
7	3	4
8	3	5
9	3	5
10	4	6
11	4	4
12	2	2
13	2	5
14	1	5
15	6	5
16	1	4
17	4	2
18	4	5
19	4	6
20	5	6
21	3	1
22	2	3
23	4	1
24	6	2
25	5	1
26	2	3
27	2	4
28	4	4
29	3	4
30	3	3
31	5	6
32	2	1
33	2	2
34	2	2
35	6	5
36	6	2
37	6	2
38	4	4
39	2	2
40	3	6
41	3	2
42	1	3
43	3	3
44	1	3
45	4	6
46	3	4
47	4	6
48	2	3
49	2	5
50	2	6
51	4	2
52	5	4
53	5	3
54	5	6
55	5	5
56	5	2
57	5	1
58	3	1
59	3	3
60	5	2
61	3	1
62	1	5
63	4	5
64	4	4
65	4	5
66	1	5
67	2	6
68	1	6
69	3	1
70	4	3
71	2	5
72	5	3
73	5	4
74	5	4
75	6	4
76	4	6
77	5	5
78	3	5
79	4	1
80	4	2
81	5	3
82	1	6
83	4	4
84	6	5
85	3	1
86	5	1
87	3	2
88	3	4
89	1	2
90	3	1
91	6	4
92	6	4
93	5	4
94	5	4
95	2	1
96	6	6
97	1	2
98	6	1
99	6	6
100	1	3
101	6	5
102	1	4
103	1	3
104	3	5
105	3	1
106	3	2
107	5	3
108	4	6
109	3	2
110	1	6
111	5	2
112	3	4
113	1	1
1	2	2
2	3	1
3	6	5
4	2	5
5	6	6
6	3	6
7	2	6
8	6	2
9	4	5
10	4	3
11	3	1
12	5	3
13	5	6
14	2	6
15	5	4
16	6	2
17	5	2
18	6	2
19	1	5
20	6	6
21	1	1
1	2	6
2	4	6
3	3	2
4	2	4
5	5	2
6	6	6
7	1	5
8	3	1
9	6	4
10	3	3
11	6	3
12	1	2
13	3	3
14	1	3
15	4	2
16	1	3
17	6	4
18	1	4
19	2	3
20	5	4
21	3	4
22	1	3
23	6	1
24	1	2
25	5	6
26	1	3
27	5	3
28	6	3
29	5	6
30	3	6
31	6	6
32	3	2
33	3	2
34	1	1
1	6	5
2	6	4
3	1	2
4	3	1
5	3	3
6	2	3
7	6	1
8	1	1
1	2	6
2	1	6
3	6	3
4	4	5
5	5	3
6	1	3
7	2	4
8	4	2
9	6	6
10	3	2
11	6	4
12	6	3
13	4	3
14	1	6
15	3	6
16	1	2
17	6	1
18	2	2
19	3	2
20	1	6
21	3	5
22	6	5
23	4	2
24	6	2
25	2	6
26	2	2
27	3	6
28	1	1
1	6	3
2	2	1
3	6	2
4	4	2
5	2	1
6	3	5
7	2	2
8	3	3
9	2	6
10	5	1
11	4	4
12	4	6
13	4	6
14	4	5
15	1	1
1	2	3
2	1	6
3	4	6
4	1	4
5	3	4
6	2	2
7	3	6
8	6	2
9	2	2
10	4	6
11	1	2
12	2	1
13	4	1
14	5	5
15	5	5
16	4	3
17	6	1
18	2	5
19	2	3
20	3	6
21	5	3
22	2	6
23	5	2
24	6	3
25	6	1
26	1	6
27	2	5
28	2	1
29	3	4
30	4	5
31	6	2
32	4	3
33	6	1
34	6	5
35	1	5
36	6	3
37	5	6
38	4	5
39	6	6
40	1	5
41	4	5
42	4	3
43	4	5
44	4	2
45	2	4
46	4	4
47	4	4
48	5	2
49	4	2
50	1	6
51	5	1
52	6	6
53	1	1
1	4	1
2	4	1
3	1	4
4	4	5
5	1	4
6	4	5
7	3	5
8	1	1
1	5	6
2	1	3
3	3	5
4	3	6
5	5	4
6	3	1
7	3	4
8	1	6
9	6	5
10	2	6
11	6	1
12	3	2
13	4	6
14	3	3
15	3	5
16	1	4
17	2	1
18	6	2
19	4	2
20	6	4
21	1	6
22	2	5
23	2	6
24	2	6
25	2	4
26	6	2
27	2	4
28	6	1
29	6	2
30	3	2
31	6	4
32	3	6
33	4	5
34	1	5
35	4	3
36	4	3
37	1	4
38	1	1
1	4	5
2	1	6
3	6	5
4	2	6
5	5	1
6	1	1
1	5	4
2	2	6
3	1	2
4	5	6
5	2	1
6	6	4
7	1	4
8	4	3
9	6	6
10	5	4
11	1	2
12	3	5
13	1	6
14	5	1
15	4	4
16	1	3
17	3	6
18	4	5
19	2	4
20	5	2
21	2	6
22	3	4
23	5	5
24	5	1
25	4	2
26	4	5
27	4	3
28	5	6
29	1	2
30	2	3
31	4	2
32	4	2
33	6	1
34	6	6
35	3	3
36	5	4
37	5	6
38	6	3
39	3	4
40	1	2
41	5	2
42	4	2
43	4	1
44	2	6
45	2	6
46	2	3
47	3	4
48	5	4
49	2	2
50	1	6
51	2	5
52	2	5
53	3	3
54	1	1
1	5	5
2	2	5
3	5	6
4	6	6
5	3	2
6	6	2
7	3	4
8	1	5
9	2	3
10	3	4
11	5	6
12	6	1
13	1	2
14	5	2
15	2	6
16	2	1
17	1	1
1	6	1
2	4	4
3	3	5
4	2	3
5	2	3
6	5	2
7	2	4
8	6	1
9	3	1
10	4	6
11	2	6
12	5	4
13	4	3
14	5	4
15	3	6
16	2	3
17	2	5
18	1	5
19	5	4
20	2	2
21	2	6
22	3	4
23	6	6
24	1	6
25	4	4
26	6	1
27	4	2
28	4	5
29	5	4
30	4	5
31	4	5
32	5	6
33	4	4
34	3	6
35	6	5
36	2	5
37	1	2
38	4	6
39	2	2
40	5	6
41	4	3
42	6	2
43	1	1
1	5	1
2	2	1
3	3	2
4	6	5
5	3	6
6	3	4
7	3	4
8	6	4
9	4	5
10	5	4
11	5	3
12	6	1
13	6	1
14	6	5
15	5	1
16	4	1
17	5	2
18	4	1
19	3	4
20	5	1
21	3	6
22	3	5
23	5	4
24	2	6
25	4	5
26	5	4
27	5	2
28	4	4
29	3	6
30	3	1
31	4	5
32	5	3
33	2	1
34	5	4
35	3	6
36	4	3
37	3	3
38	2	1
39	4	2
40	6	3
41	5	4
42	2	2
43	6	2
44	5	5
45	4	1
46	2	5
47	5	5
48	2	1
49	1	5
50	4	4
51	3	1
52	5	3
53	1	5
54	2	4
55	4	5
56	3	6
57	6	3
58	3	5
59	2	6
60	4	5
61	6	6
62	4	6
63	6	6
64	6	6
65	6	5
66	3	5
67	3	4
68	5	5
69	1	6
70	3	6
71	1	1
1	4	3
2	5	3
3	6	1
4	2	5
5	4	3
6	5	4
7	5	5
8	6	5
9	6	6
10	6	5
11	2	2
12	4	5
13	1	4
14	6	6
15	1	1
1	1	6
2	5	2
3	1	6
4	5	5
5	1	1
1	2	1
2	5	5
3	1	6
4	1	3
5	1	2
6	3	3
7	1	5
8	1	5
9	5	2
10	6	4
11	4	2
12	4	6
13	2	4
14	6	2
15	6	5
16	2	3
17	2	6
18	1	2
19	5	1
20	4	1
21	5	4
22	6	6
23	2	6
24	4	6
25	1	4
26	2	4
27	2	5
28	3	1
29	1	3
30	5	4
31	2	2
32	6	1
33	6	4
34	6	3
35	3	4
36	2	6
37	2	1
38	5	4
39	5	4
40	1	4
41	1	5
42	6	2
43	1	1
1	4	1
2	6	3
3	3	1
4	6	4
5	6	4
6	2	4
7	5	5
8	6	3
9	1	5
10	2	1
11	5	6
12	5	1
13	6	3
14	2	6
15	2	5
16	5	1
17	1	1
1	3	6
2	5	3
3	6	6
4	5	4
5	5	2
6	3	2
7	2	1
8	4	6
9	2	6
10	6	2
11	6	3
12	5	2
13	2	3
14	1	2
15	6	5
16	4	2
17	1	6
18	2	1
19	5	5
20	3	2
21	4	5
22	1	3
23	4	2
24	4	5
25	5	3
26	4	1
27	4	6
28	6	5
29	3	3
30	3	5
31	3	6
32	6	6
33	2	4
34	6	5
35	6	5
36	5	3
37	5	1
38	5	5
39	3	1
40	4	4
41	1	5
42	3	1
43	2	4
44	1	3
45	3	6
46	3	6
47	4	4
48	4	4
49	5	4
50	6	5
51	6	6
52	2	6
53	1	2
54	5	6
55	5	2
56	2	1
57	3	3
58	5	2
59	1	2
60	5	6
61	3	3
62	1	1
1	3	6
2	5	5
3	1	2
4	1	1
1	5	5
2	6	5
3	2	4
4	1	6
5	3	2
6	2	1
7	1	3
8	1	4
9	4	2
10	3	6
11	1	6
12	1	2
13	6	2
14	4	2
15	2	1
16	3	5
17	3	4
18	6	4
19	2	1
20	6	3
21	2	3
22	4	4
23	4	5
24	4	6
25	5	3
26	2	5
27	4	4
28	5	5
29	5	3
30	4	4
31	6	4
32	4	2
33	6	1
34	2	2
35	5	3
36	2	4
37	6	5
38	5	5
39	5	1
40	2	3
41	5	6
42	6	5
43	5	6
44	2	1
45	4	5
46	5	2
47	3	5
48	1	2
49	5	3
50	1	4
51	5	5
52	1	3
53	1	3
54	2	2
55	6	2
56	2	5
57	5	3
58	5	4
59	3	1
60	2	4
61	6	5
62	4	3
63	1	2
64	2	4
65	2	1
66	3	3
67	3	2
68	5	5
69	4	4
70	1	4
71	5	1
72	3	1
73	6	5
74	3	1
75	2	1
76	5	6
77	6	5
78	2	4
79	2	1
80	6	3
81	1	3
82	5	1
83	3	4
84	3	4
85	1	5
86	4	3
87	1	3
88	4	6
89	6	6
90	2	5
91	3	2
92	2	2
93	2	1
94	3	6
95	6	3
96	3	4
97	2	3
98	2	6
99	4	1
100	2	1
101	6	1
102	4	5
103	4	2
104	6	1
105	5	5
106	1	4
107	6	2
108	6	1
109	4	4
110	4	4
111	6	2
112	1	1
1	3	6
2	6	2
3	3	1
4	2	1
5	6	1
6	1	1
1	3	6
2	6	3
3	4	5
4	2	3
5	4	5
6	5	2
7	1	3
8	6	1
9	2	6
10	2	5
11	3	5
12	5	4
13	2	1
14	4	4
15	6	3
16	3	3
17	1	5
18	4	2
19	3	1
20	1	1
1	1	6
2	4	2
3	4	5
4	6	2
5	2	2
6	6	4
7	5	3
8	1	1
1	3	1
2	6	6
3	2	5
4	4	3
5	2	4
6	2	4
7	4	3
8	3	4
9	5	6
10	5	1
11	6	2
12	1	4
13	1	6
14	2	3
15	1	3
16	1	2
17	3	3
18	6	1
19	3	2
20	5	6
21	2	3
22	5	5
23	1	2
24	2	1
25	2	5
26	5	5
27	2	2
28	4	5
29	4	5
30	3	1
31	3	2
32	1	6
33	6	4
34	4	4
35	1	3
36	4	1
37	6	2
38	4	3
39	3	3
40	6	5
41	1	2
42	1	3
43	6	2
44	5	5
45	1	4
46	5	6
47	5	3
48	1	2
49	5	4
50	3	6
51	6	3
52	3	5
53	3	4
54	3	5
55	5	2
56	6	4
57	4	5
58	5	6
59	4	2
60	2	3
61	5	5
62	5	6
63	2	6
64	4	2
65	5	5
66	6	6
67	6	2
68	5	4
69	2	4
70	5	3
71	3	2
72	2	1
73	5	1
74	1	4
75	4	4
76	4	2
77	5	6
78	1	6
79	6	5
80	6	2
81	2	3
82	3	4
83	2	5
84	2	3
85	4	4
86	6	6
87	5	1
88	2	1
89	3	3
90	6	6
91	6	6
92	2	6
93	6	1
94	5	1
95	5	2
96	5	4
97	3	2
98	4	4
99	4	3
100	5	1
101	2	1
102	3	4
103	6	5
104	3	2
105	5	4
106	2	3
107	5	1
108	6	6
109	6	4
110	2	2
111	5	6
112	6	4
113	6	4
114	2	6
115	1	6
116	1	2
117	2	3
118	6	6
119	1	2
120	5	1
121	3	5
122	1	3
123	6	6
124	1	6
125	1	2
126	1	6
127	2	3
128	2	4
129	4	3
130	6	3
131	4	2
132	2	4
133	4	2
134	1	1
1	2	1
2	4	3
3	6	1
4	6	3
5	5	2
6	2	4
7	2	3
8	5	5
9	2	4
10	1	4
11	1	1
1	2	1
2	2	6
3	6	4
4	5	3
5	4	5
6	5	5
7	1	3
8	5	2
9	2	6
10	6	2
11	5	4
12	6	5
13	4	2
14	1	4
15	2	5
16	2	3
17	5	2
18	3	6
19	1	4
20	1	4
21	2	5
22	5	5
23	6	3
24	1	6
25	6	5
26	5	4
27	1	1
1	5	3
2	2	4
3	5	4
4	4	6
5	1	6
6	3	4
7	4	3
8	5	1
9	5	5
10	4	2
11	5	6
12	2	5
13	5	3
14	5	4
15	4	5
16	3	5
17	3	4
18	6	3
19	6	5
20	4	3
21	5	1
22	1	3
23	5	4
24	6	4
25	2	2
26	4	2
27	1	5
28	3	2
29	4	3
30	4	5
31	3	1
32	4	1
33	1	1
1	6	3
2	2	6
3	3	5
4	4	1
5	6	6
6	6	4
7	5	6
8	6	4
9	4	4
10	2	1
11	2	3
12	5	1
13	2	1
14	3	2
15	6	3
16	2	1
17	2	5
18	3	6
19	3	1
20	2	5
21	5	4
22	1	3
23	2	4
24	5	4
25	5	6
26	4	3
27	2	2
28	3	5
29	6	3
30	3	5
31	3	5
32	1	4
33	2	5
34	1	1
1	1	5
2	5	4
3	5	4
4	3	3
5	3	1
6	6	2
7	5	6
8	6	6
9	3	4
10	6	5
11	5	5
12	5	6
13	2	4
14	1	5
15	4	6
16	6	4
17	1	2
18	1	6
19	1	1
1	3	2
2	5	1
3	1	1
1	6	4
2	1	1
1	4	2
2	5	3
3	4	4
4	4	3
5	5	5
6	6	2
7	4	6
8	1	5
9	5	5
10	1	4
11	2	5
12	2	3
13	2	2
14	6	3
15	1	4
16	1	1
1	3	4
2	5	2
3	1	6
4	5	3
5	2	2
6	2	3
7	6	4
8	4	5
9	3	1
10	3	2
11	6	5
12	3	4
13	5	1
14	6	2
15	6	3
16	6	3
17	3	6
18	1	3
19	4	1
20	3	1
21	3	2
22	2	4
23	3	5
24	3	5
25	4	4
26	5	2
27	5	5
28	3	1
29	3	2
30	1	6
31	6	3
32	3	6
33	2	2
34	3	1
35	4	1
36	4	1
37	2	2
38	1	3
39	4	2
40	1	3
41	4	1
42	3	4
43	4	2
44	3	2
45	1	6
46	3	1
47	3	4
48	3	4
49	2	5
50	3	5
51	3	1
52	1	4
53	2	2
54	2	6
55	6	4
56	1	6
57	5	5
58	3	3
59	5	2
60	5	3
61	2	5
62	3	1
63	1	4
64	4	3
65	4	6
66	2	6
67	2	2
68	3	3
69	2	1
70	5	5
71	2	2
72	5	6
73	6	1
74	4	1
75	3	4
76	6	5
77	3	2
78	2	1
79	6	1
80	1	5
81	5	1
82	2	5
83	1	5
84	4	4
85	2	6
86	1	6
87	2	3
88	1	4
89	4	2
90	5	2
91	1	5
92	6	6
93	2	6
94	5	4
95	6	3
96	5	5
97	1	6
98	5	4
99	6	6
100	2	6
101	1	3
102	3	5
103	5	5
104	3	4
105	3	4
106	2	3
107	1	2
108	6	5
109	4	5
110	4	4
111	6	1
112	4	1
113	6	4
114	3	6
115	2	4
116	3	4
117	5	5
118	4	4
119	2	5
120	1	2
121	2	1
122	1	2
123	6	6
124	1	2
125	2	3
126	1	1
1	6	3
2	4	6
3	4	1
4	3	4
5	4	2
6	1	1
1	5	4
2	1	3
3	6	6
4	1	4
5	6	5
6	3	6
7	2	2
8	1	5
9	5	3
10	6	3
11	4	2
12	2	3
13	3	5
14	6	2
15	2	3
16	3	3
17	1	5
18	1	5
19	6	4
20	6	1
21	6	3
22	4	4
23	2	5
24	1	2
25	2	2
26	1	6
27	2	3
28	1	4
29	6	5
30	3	6
31	5	4
32	2	5
33	1	2
34	5	1
35	5	5
36	4	2
37	5	6
38	5	6
39	3	1
40	3	5
41	5	3
42	6	4
43	6	6
44	6	4
45	4	4
46	4	3
47	5	4
48	5	1
49	3	3
50	6	4
51	4	4
52	3	3
53	3	4
54	5	6
55	2	6
56	6	5
57	6	2
58	4	6
59	5	3
60	5	5
61	6	4
62	5	5
63	4	1
64	5	1
65	4	2
66	4	6
67	1	3
68	1	1
1	4	2
2	3	6
3	6	2
4	3	6
5	1	2
6	1	1
1	2	5
2	4	3
3	6	4
4	3	3
5	6	1
6	2	5
7	5	5
8	2	2
9	6	2
10	5	2
11	4	6
12	2	4
13	6	2
14	3	6
15	6	5
16	4	1
17	2	5
18	5	2
19	1	5
20	2	5
21	6	6
22	3	6
23	6	5
24	6	1
25	3	2
26	2	5
27	6	1
28	3	2
29	1	5
30	3	4
31	2	2
32	6	1
33	6	5
34	2	5
35	5	4
36	4	3
37	4	3
38	5	5
39	2	5
40	2	5
41	2	6
42	1	2
43	4	3
44	2	5
45	5	3
46	4	1
47	2	3
48	4	6
49	4	3
50	5	1
51	4	6
52	5	5
53	3	2
54	1	4
55	4	5
56	6	6
57	6	3
58	2	5
59	5	2
60	5	6
61	4	1
62	5	6
63	1	2
64	6	4
65	5	5
66	2	2
67	1	1
1	5	4
2	5	3
3	2	4
4	4	2
5	3	6
6	5	3
7	2	6
8	6	6
9	1	3
10	2	2
11	6	4
12	3	3
13	3	6
14	6	4
15	2	4
16	3	3
17	2	5
18	5	5
19	3	5
20	6	2
21	5	3
22	6	4
23	2	3
24	5	5
25	3	3
26	5	4
27	4	3
28	2	6
29	1	3
30	3	6
31	1	3
32	2	4
33	1	1
1	6	4
2	2	3
3	1	3
4	2	5
5	3	2
6	5	1
7	2	4
8	2	1
9	1	5
10	2	4
11	2	2
12	5	2
13	6	5
14	3	2
15	1	3
16	6	6
17	4	4
18	2	5
19	6	1
20	6	2
21	4	2
22	5	3
23	4	1
24	5	1
25	1	6
26	6	1
27	5	4
28	5	4
29	3	4
30	5	4
31	5	5
32	3	4
33	6	1
34	3	6
35	2	3
36	6	4
37	1	5
38	5	3
39	4	6
40	4	3
41	3	1
42	6	6
43	6	3
44	5	3
45	2	3
46	2	2
47	1	1
1	1	4
2	2	5
3	2	6
4	1	4
5	2	2
6	1	2
7	6	6
8	1	5
9	6	1
10	4	4
11	4	1
12	2	3
13	3	4
14	1	4
15	3	4
16	6	6
17	3	4
18	4	1
19	2	1
20	3	2
21	3	1
22	3	4
23	6	5
24	2	6
25	6	1
26	6	1
27	5	4
28	2	1
29	3	3
30	1	4
31	1	5
32	4	5
33	6	3
34	2	5
35	6	4
36	6	4
37	5	6
38	1	1
1	1	1
1	6	1
2	3	2
3	6	4
4	3	2
5	3	5
6	1	6
7	4	1
8	3	2
9	1	4
10	1	1
1	3	3
2	4	5
3	2	4
4	3	5
5	1	6
6	1	6
7	5	1
8	2	6
9	4	1
10	5	1
11	1	5
12	5	2
13	5	3
14	3	4
15	4	4
16	2	6
17	5	5
18	6	3
19	6	6
20	4	4
21	6	4
22	1	2
23	2	2
24	2	6
25	4	2
26	2	3
27	4	6
28	4	3
29	4	6
30	6	3
31	6	2
32	3	6
33	2	5
34	5	1
35	1	6
36	1	1
1	2	5
2	4	6
3	5	5
4	4	1
5	3	3
6	1	5
7	2	5
8	1	6
9	2	2
10	4	3
11	4	3
12	6	2
13	1	4
14	2	1
15	3	2
16	4	4
17	6	5
18	5	3
19	4	6
20	4	4
21	2	4
22	1	5
23	3	1
24	4	6
25	5	6
26	4	3
27	5	6
28	6	1
29	1	5
30	2	6
31	2	4
32	3	4
33	4	1
34	1	2
35	3	1
36	3	6
37	1	3
38	5	5
39	3	2
40	3	5
41	6	4
42	3	6
43	4	1
44	6	6
45	1	6
46	4	1
47	4	2
48	3	6
49	4	5
50	6	6
51	5	1
52	5	1
53	6	6
54	5	3
55	5	6
56	3	2
57	4	5
58	6	5
59	4	1
60	6	6
61	5	3
62	4	2
63	6	1
64	1	5
65	2	5
66	2	4
67	5	2
68	1	2
69	2	5
70	4	2
71	5	1
72	4	2
73	5	2
74	4	1
75	4	2
76	3	6
77	3	2
78	6	6
79	1	6
80	1	3
81	4	3
82	6	1
83	1	3
84	3	3
85	1	1
1	4	4
2	1	5
3	4	3
4	6	1
5	2	4
6	3	3
7	3	1
8	6	2
9	4	3
10	6	1
11	2	5
12	3	4
13	1	6
14	1	3
15	1	4
16	2	4
17	6	2
18	5	2
19	4	2
20	5	2
21	2	5
22	1	5
23	3	6
24	1	4
25	6	2
26	5	2
27	3	3
28	3	3
29	2	1
30	6	6
31	2	4
32	2	4
33	4	2
34	3	5
35	5	4
36	1	3
37	4	1
38	6	2
39	2	5
40	3	1
41	2	1
42	6	2
43	5	6
44	5	1
45	5	1
46	2	1
47	3	4
48	3	6
49	1	1
1	3	3
2	4	5
3	3	5
4	4	4
5	1	5
6	1	1
1	3	4
2	6	1
3	4	1
4	6	1
5	3	2
6	4	3
7	4	3
8	3	5
9	4	3
10	2	2
11	6	4
12	3	4
13	4	2
14	5	1
15	4	5
16	4	3
17	4	3
18	1	4
19	6	2
20	3	4
21	6	4
22	4	3
23	5	3
24	2	1
25	6	2
26	5	3
27	3	6
28	2	3
29	4	4
30	2	3
31	1	3
32	5	5
33	1	2
34	1	3
35	3	3
36	5	1
37	1	5
38	5	2
39	1	2
40	5	1
41	6	5
42	6	3
43	3	5
44	5	1
45	3	6
46	6	1
47	5	5
48	2	3
49	1	2
50	4	4
51	3	2
52	5	3
53	5	4
54	2	5
55	4	5
56	3	5
57	3	1
58	4	2
59	1	3
60	6	2
61	1	6
62	1	1
1	4	1
2	1	6
3	1	6
4	6	1
5	6	1
6	6	1
7	5	3
8	2	3
9	6	5
10	2	6
11	2	4
12	1	3
13	2	4
14	5	5
15	5	3
16	3	2
17	6	1
18	1	5
19	2	1
20	5	4
21	3	5
22	6	3
23	4	5
24	4	2
25	3	4
26	4	3
27	1	2
28	3	2
29	5	4
30	2	1
31	3	3
32	6	1
33	1	3
34	5	4
35	2	3
36	4	3
37	3	3
38	4	3
39	3	4
40	4	5
41	1	2
42	1	3
43	1	1
1	4	5
2	2	4
3	3	2
4	3	3
5	4	2
6	3	6
7	2	5
8	4	1
9	4	5
10	5	2
11	6	1
12	4	2
13	5	2
14	1	4
15	1	1
1	2	4
2	2	1
3	1	6
4	2	3
5	4	5
6	1	3
7	2	6
8	6	3
9	5	3
10	2	4
11	1	1
1	4	2
2	2	3
3	6	2
4	6	4
5	4	1
6	4	3
7	3	3
8	4	6
9	2	6
10	3	4
11	6	1
12	2	1
13	5	5
14	1	3
15	1	3
16	6	6
17	5	3
18	4	4
19	5	5
20	6	6
21	3	1
22	4	3
23	2	3
24	1	4
25	6	2
26	4	1
27	5	4
28	4	1
29	2	2
30	6	4
31	4	2
32	4	3
33	1	3
34	5	4
35	5	3
36	1	3
37	5	5
38	4	3
39	2	4
40	4	6
41	6	5
42	2	4
43	1	2
44	3	5
45	6	6
46	2	3
47	3	6
48	1	1
1	4	4
2	6	2
3	1	3
4	1	6
5	5	6
6	4	4
7	3	5
8	5	4
9	2	5
10	1	4
11	1	4
12	2	2
13	4	3
14	4	4
15	2	4
16	2	1
17	1	4
18	5	2
19	2	4
20	1	5
21	3	6
22	1	3
23	3	4
24	5	3
25	5	2
26	1	2
27	5	1
28	5	2
29	6	2
30	4	5
31	2	4
32	2	5
33	1	4
34	1	1
1	2	2
2	3	4
3	1	5
4	4	6
5	2	3
6	1	4
7	4	3
8	6	6
9	1	6
10	5	2
11	2	4
12	4	3
13	6	5
14	3	6
15	3	6
16	3	2
17	4	3
18	2	6
19	3	4
20	3	4
21	3	3
22	1	2
23	2	1
24	4	1
25	3	4
26	6	6
27	2	3
28	3	6
29	1	1
1	2	2
2	4	6
3	6	5
4	2	2
5	2	6
6	3	2
7	1	3
8	5	3
9	2	4
10	2	4
11	5	6
12	6	6
13	6	3
14	6	5
15	6	5
16	1	1
1	6	3
2	3	5
3	1	5
4	3	3
5	4	3
6	4	3
7	5	6
8	5	4
9	5	5
10	5	2
11	2	6
12	3	1
13	4	5
14	6	5
15	4	1
16	5	2
17	1	5
18	2	5
19	2	4
20	3	4
21	6	1
22	4	4
23	1	2
24	5	1
25	3	5
26	3	3
27	1	5
28	4	1
29	6	6
30	3	2
31	4	6
32	6	5
33	3	1
34	3	2
35	2	6
36	5	2
37	6	4
38	3	1
39	2	4
40	2	5
41	3	1
42	6	1
43	1	5
44	1	5
45	5	2
46	3	5
47	2	1
48	6	1
49	3	5
50	5	3
51	6	5
52	4	2
53	4	2
54	3	1
55	3	4
56	2	4
57	1	4
58	4	4
59	4	2
60	6	6
61	1	1
1	5	4
2	1	5
3	6	5
4	1	1
1	6	2
2	3	2
3	4	5
4	1	6
5	1	1
1	3	3
2	4	5
3	2	4
4	2	3
5	3	1
6	4	3
7	4	1
8	3	6
9	2	6
10	3	4
11	4	4
12	4	5
13	6	5
14	1	6
15	5	2
16	4	1
17	1	1
1	5	5
2	6	5
3	3	2
4	1	6
5	5	5
6	5	3
7	6	3
8	5	6
9	6	3
10	4	1
11	6	1
12	5	3
13	6	1
14	6	2
15	2	2
16	2	3
17	6	3
18	2	5
19	3	1
20	3	5
21	1	5
22	6	6
23	4	6
24	4	5
25	1	3
26	5	4
27	4	4
28	3	1
29	3	6
30	3	5
31	3	5
32	4	4
33	2	6
34	2	1
35	1	4
36	3	6
37	6	2
38	1	3
39	2	1
40	5	2
41	4	6
42	1	2
43	5	1
44	1	1
1	1	2
2	3	6
3	3	2
4	6	4
5	5	6
6	5	2
7	1	2
8	6	4
9	6	6
10	4	2
11	5	2
12	1	4
13	5	1
14	5	3
15	1	2
16	5	2
17	2	6
18	4	2
19	6	6
20	1	1
1	1	1
1	3	5
2	1	4
3	2	5
4	1	5
5	6	6
6	3	1
7	4	1
8	6	4
9	2	4
10	3	5
11	6	1
12	2	2
13	1	1
1	5	2
2	1	4
3	5	6
4	2	3
5	6	5
6	1	1
1	3	1
2	1	4
3	5	1
4	1	3
5	4	4
6	5	6
7	1	5
8	2	4
9	2	3
10	6	1
11	3	1
12	5	5
13	5	3
14	2	4
15	2	2
16	3	6
17	4	2
18	5	2
19	5	6
20	5	2
21	6	6
22	2	1
23	5	5
24	1	3
25	5	6
26	4	1
27	5	5
28	5	6
29	3	5
30	2	4
31	2	3
32	1	1
1	4	3
2	3	2
3	5	1
4	4	5
5	5	4
6	3	3
7	3	1
8	2	4
9	2	2
10	3	5
11	3	5
12	6	2
13	3	1
14	1	4
15	2	4
16	1	1
1	6	3
2	6	1
3	2	6
4	4	2
5	2	3
6	2	6
7	4	2
8	5	3
9	1	6
10	1	5
11	4	3
12	4	5
13	2	5
14	3	2
15	3	1
16	5	1
17	6	6
18	6	6
19	4	1
20	4	3
21	1	2
22	4	2
23	1	6
24	6	6
25	3	6
26	5	5
27	6	1
28	6	5
29	5	3
30	1	1
1	4	3
2	5	2
3	5	2
4	6	3
5	6	4
6	6	2
7	1	4
8	2	1
9	6	4
10	5	2
11	2	6
12	3	3
13	4	4
14	1	6
15	2	4
16	4	5
17	5	2
18	5	3
19	6	2
20	4	2
21	6	4
22	3	6
23	3	5
24	6	6
25	6	6
26	4	1
27	2	6
28	1	4
29	5	6
30	6	3
31	5	4
32	6	2
33	2	6
34	1	6
35	2	2
36	4	3
37	5	3
38	2	2
39	6	6
40	3	6
41	2	5
42	2	1
43	3	5
44	5	2
45	4	4
46	1	6
47	2	4
48	3	3
49	1	1
1	2	1
2	3	5
3	6	4
4	4	3
5	5	3
6	4	5
7	1	3
8	6	1
9	1	5
10	5	1
11	3	6
12	1	6
13	2	3
14	1	1
1	5	2
2	1	4
3	4	1
4	5	6
5	6	3
6	6	5
7	3	3
8	2	1
9	3	1
10	6	4
11	2	3
12	2	2
13	3	6
14	3	6
15	6	1
16	4	2
17	4	5
18	1	4
19	2	3
20	1	1
1	1	3
2	6	6
3	4	3
4	5	5
5	1	5
6	2	1
7	4	5
8	3	5
9	3	2
10	1	4
11	6	6
12	6	4
13	5	6
14	1	4
15	2	5
16	3	4
17	2	6
18	4	6
19	2	6
20	4	6
21	5	1
22	3	3
23	1	4
24	3	3
25	2	6
26	1	6
27	2	1
28	5	5
29	6	6
30	1	5
31	6	2
32	5	2
33	5	2
34	3	2
35	4	5
36	5	5
37	6	4
38	3	4
39	5	2
40	5	1
41	6	3
42	2	6
43	3	3
44	6	4
45	3	3
46	6	6
47	2	5
48	4	1
49	5	4
50	1	3
51	4	5
52	1	2
53	3	2
54	1	2
55	1	2
56	2	4
57	1	4
58	4	6
59	3	6
60	1	1
1	4	4
2	3	4
3	1	2
4	4	5
5	3	1
6	2	1
7	2	1
8	3	5
9	4	3
10	4	5
11	4	2
12	5	3
13	4	3
14	5	4
15	6	1
16	2	4
17	6	6
18	3	5
19	5	4
20	5	6
21	4	4
22	1	1
1	3	5
2	6	6
3	3	1
4	2	6
5	4	2
6	6	6
7	6	6
8	5	5
9	1	4
10	3	2
11	1	6
12	5	1
13	3	6
14	1	6
15	4	2
16	5	5
17	6	4
18	1	1
1	3	1
2	2	1
3	4	1
4	1	6
5	4	2
6	5	3
7	3	6
8	2	3
9	2	3
10	1	5
11	4	2
12	3	3
13	5	3
14	3	6
15	4	1
16	5	4
17	4	2
18	3	1
19	2	5
20	1	1
1	6	3
2	3	5
3	1	5
4	5	1
5	6	5
6	5	5
7	6	1
8	2	4
9	6	1
10	2	6
11	2	6
12	5	1
13	2	6
14	6	3
15	2	3
16	1	3
17	2	4
18	6	2
19	6	1
20	3	1
21	4	5
22	6	2
23	5	2
24	3	3
25	6	5
26	6	1
27	5	1
28	6	4
29	4	2
30	2	6
31	3	6
32	5	4
33	4	3
34	5	6
35	2	6
36	5	4
37	5	2
38	3	3
39	5	1
40	4	1
41	3	3
42	6	4
43	3	6
44	5	4
45	3	1
46	1	2
47	3	1
48	4	5
49	1	1
1	1	1
1	4	6
2	4	5
3	6	5
4	3	1
5	4	5
6	3	2
7	2	6
8	2	1
9	2	5
10	5	2
11	4	2
12	5	1
13	2	2
14	3	2
15	5	6
16	5	5
17	2	4
18	3	1
19	1	2
20	3	4
21	1	6
22	3	6
23	4	1
24	1	3
25	1	3
26	6	3
27	1	2
28	3	3
29	1	2
30	3	6
31	6	6
32	4	3
33	4	3
34	3	5
35	4	5
36	4	1
37	3	3
38	5	6
39	2	3
40	5	6
41	4	6
42	6	4
43	4	3
44	1	6
45	1	3
46	6	4
47	2	5
48	1	5
49	3	2
50	3	6
51	5	6
52	3	1
53	2	4
54	1	3
55	2	3
56	5	1
57	2	2
58	5	1
59	5	3
60	2	6
61	3	2
62	5	5
63	5	2
64	1	2
65	2	1
66	5	4
67	5	1
68	2	4
69	3	5
70	2	2
71	6	1
72	2	3
73	6	4
74	3	2
75	4	4
76	1	6
77	4	3
78	3	1
79	2	3
80	6	3
81	3	2
82	5	3
83	3	3
84	4	3
85	1	2
86	5	4
87	4	1
88	6	3
89	1	2
90	3	1
91	3	4
92	5	6
93	4	4
94	2	2
95	5	1
96	3	5
97	2	3
98	4	6
99	6	5
100	1	2
101	4	2
102	6	4
103	5	6
104	2	1
105	2	4
106	5	4
107	2	4
108	2	6
109	4	6
110	3	2
111	5	3
112	4	4
113	6	3
114	1	6
115	3	5
116	6	2
117	5	1
118	4	5
119	5	3
120	2	6
121	4	2
122	3	2
123	3	2
124	6	1
125	3	6
126	4	2
127	1	5
128	6	4
129	6	4
130	2	4
131	5	4
132	3	6
133	6	3
134	2	2
135	1	6
136	6	6
137	2	4
138	6	1
139	1	6
140	2	6
141	3	4
142	2	2
143	1	1
1	4	1
2	4	1
3	1	1
1	5	6
2	4	4
3	3	3
4	1	3
5	4	4
6	3	5
7	4	5
8	1	4
9	5	1
10	6	4
11	5	6
12	6	6
13	6	6
14	6	4
15	4	4
16	2	1
17	5	1
18	3	2
19	2	1
20	6	6
21	2	6
22	5	4
23	3	2
24	4	2
25	6	3
26	2	4
27	1	6
28	6	5
29	1	2
30	1	5
31	5	6
32	4	2
33	2	1
34	5	1
35	5	3
36	1	2
37	5	3
38	4	6
39	3	3
40	1	6
41	1	4
42	4	5
43	5	3
44	6	4
45	1	6
46	5	5
47	2	1
48	6	3
49	5	1
50	2	2
51	3	4
52	1	3
53	3	4
54	2	5
55	1	5
56	2	5
57	2	3
58	3	1
59	6	3
60	1	2
61	2	3
62	3	6
63	5	6
64	2	6
65	5	4
66	6	5
67	3	3
68	4	2
69	4	5
70	4	1
71	4	1
72	1	2
73	6	2
74	1	1
1	3	4
2	5	5
3	6	2
4	5	4
5	1	1
1	1	2
2	6	4
3	5	3
4	4	2
5	1	6
6	2	6
7	2	2
8	2	3
9	4	1
10	3	5
11	4	6
12	5	5
13	3	2
14	5	3
15	1	1
1	4	4
2	1	4
3	6	2
4	1	3
5	1	3
6	6	2
7	6	3
8	4	1
9	4	3
10	5	3
11	3	1
12	3	2
13	5	6
14	2	2
15	4	1
16	3	4
17	2	2
18	6	3
19	3	2
20	6	3
21	6	5
22	2	2
23	1	2
24	1	3
25	2	1
26	1	6
27	4	6
28	6	3
29	4	4
30	5	5
31	1	6
32	3	3
33	4	1
34	6	6
35	5	5
36	1	1
1	5	1
2	1	2
3	5	1
4	5	3
5	6	1
6	6	2
7	1	5
8	5	5
9	1	1
1	6	4
2	5	5
3	3	3
4	5	4
5	6	1
6	6	1
7	1	3
8	6	5
9	5	5
10	6	4
11	5	2
12	2	2
13	4	4
14	3	5
15	2	2
16	1	3
17	4	4
18	3	1
19	1	6
20	3	5
21	1	2
22	3	6
23	5	3
24	5	3
25	1	2
26	3	4
27	4	5
28	3	4
29	2	2
30	2	2
31	1	5
32	4	4
33	2	5
34	6	2
35	3	3
36	3	6
37	5	1
38	5	2
39	4	5
40	1	1
1	2	3
2	2	4
3	2	1
4	5	1
5	2	6
6	1	1
1	6	5
2	2	2
3	5	1
4	1	3
5	2	5
6	6	3
7	2	2
8	2	5
9	2	6
10	3	6
11	4	5
12	3	4
13	6	3
14	1	4
15	6	6
16	1	5
17	4	5
18	3	2
19	5	2
20	6	3
21	2	6
22	4	3
23	6	6
24	2	4
25	2	1
26	1	3
27	3	2
28	1	3
29	2	4
30	2	4
31	5	3
32	4	6
33	4	3
34	2	4
35	4	4
36	1	2
37	1	4
38	1	5
39	1	1
1	3	2
2	5	3
3	2	2
4	3	4
5	1	3
6	4	1
7	6	6
8	2	5
9	4	5
10	5	3
11	1	1
1	3	6
2	1	2
3	6	5
4	4	5
5	2	4
6	4	6
7	1	2
8	6	3
9	5	1
10	1	5
11	4	1
12	1	6
13	5	4
14	4	1
15	2	5
16	3	5
17	2	5
18	4	2
19	6	6
20	4	1
21	6	3
22	5	1
23	2	5
24	6	2
25	1	6
26	2	2
27	3	1
28	1	2
29	2	3
30	1	1
1	2	5
2	3	1
3	2	2
4	1	5
5	5	2
6	3	1
7	3	3
8	5	4
9	5	1
10	2	2
11	1	4
12	2	5
13	2	5
14	2	5
15	4	1
16	2	6
17	3	5
18	4	6
19	3	6
20	1	5
21	3	1
22	3	2
23	5	2
24	2	3
25	1	2
26	5	6
27	1	6
28	4	6
29	5	3
30	4	3
31	4	5
32	5	1
33	3	5
34	1	3
35	3	1
36	1	4
37	3	1
38	6	3
39	3	2
40	1	3
41	1	4
42	2	3
43	5	2
44	2	1
45	1	6
46	4	2
47	3	2
48	4	6
49	5	6
50	3	5
51	6	5
52	2	1
53	2	1
54	2	1
55	1	6
56	3	5
57	4	6
58	4	1
59	6	6
60	5	3
61	2	6
62	6	4
63	5	2
64	3	5
65	4	6
66	3	4
67	4	2
68	2	3
69	6	5
70	1	6
71	2	6
72	5	6
73	3	6
74	4	3
75	4	5
76	1	6
77	4	6
78	5	4
79	2	3
80	6	2
81	4	1
82	3	1
83	5	5
84	3	4
85	1	4
86	3	6
87	1	5
88	4	3
89	6	2
90	6	3
91	5	4
92	2	4
93	1	3
94	3	1
95	3	2
96	2	6
97	3	6
98	1	5
99	1	3
100	6	5
101	2	2
102	5	3
103	6	2
104	6	5
105	1	6
106	3	3
107	6	6
108	4	6
109	1	4
110	5	2
111	5	2
112	1	5
113	4	4
114	5	6
115	6	5
116	5	2
117	4	3
118	4	6
119	1	6
120	6	6
121	2	1
122	5	3
123	1	1
1	6	6
2	6	3
3	5	2
4	5	4
5	3	3
6	4	2
7	4	5
8	2	6
9	6	3
10	4	6
11	5	2
12	6	1
13	5	6
14	5	1
15	4	6
16	5	2
17	6	1
18	2	4
19	4	1
20	2	1
21	3	6
22	5	6
23	1	1
1	5	1
2	4	6
3	6	5
4	1	5
5	3	6
6	4	1
7	3	6
8	1	5
9	2	3
10	2	6
11	4	1
12	2	4
13	5	4
14	1	5
15	3	3
16	2	4
17	5	3
18	4	6
19	1	5
20	2	6
21	3	4
22	5	3
23	5	5
24	1	3
25	2	4
26	6	6
27	4	2
28	1	6
29	5	1
30	4	4
31	4	4
32	6	3
33	1	3
34	3	1
35	4	5
36	1	2
37	4	1
38	4	3
39	5	1
40	1	4
41	6	6
42	5	1
43	4	6
44	3	5
45	3	4
46	6	1
47	6	4
48	6	1
49	4	5
50	5	2
51	3	1
52	5	6
53	2	3
54	5	5
55	6	5
56	6	5
57	2	2
58	3	6
59	5	2
60	1	1
1	6	6
2	1	4
3	6	6
4	2	4
5	3	1
6	1	3
7	1	5
8	4	1
9	4	3
10	6	4
11	2	6
12	6	6
13	3	5
14	1	1
1	3	3
2	4	2
3	6	5
4	5	3
5	4	5
6	1	1
1	4	6
2	5	4
3	3	1
4	3	5
5	4	6
6	5	4
7	6	3
8	6	1
9	4	6
10	1	3
11	1	5
12	3	5
13	3	1
14	6	5
15	6	6
16	5	6
17	2	3
18	5	3
19	2	6
20	3	5
21	2	6
22	3	6
23	4	4
24	4	3
25	3	5
26	5	6
27	2	1
28	1	6
29	2	1
30	2	2
31	3	1
32	6	4
33	5	6
34	2	6
35	4	3
36	4	1
37	6	3
38	2	2
39	6	4
40	5	4
41	1	1
1	6	5
2	6	5
3	6	4
4	4	1
5	6	6
6	6	3
7	6	2
8	5	6
9	4	3
10	6	2
11	5	3
12	5	2
13	2	5
14	5	3
15	5	1
16	1	6
17	4	6
18	4	3
19	5	1
20	6	5
21	6	3
22	3	3
23	4	5
24	4	3
25	6	3
26	6	2
27	3	2
28	3	5
29	5	3
30	2	2
31	3	1
32	3	1
33	1	2
34	1	4
35	5	2
36	1	1
1	3	2
2	5	6
3	4	2
4	4	6
5	3	3
6	6	2
7	6	5
8	1	2
9	3	4
10	4	4
11	4	5
12	1	4
13	1	1
1	2	1
2	6	6
3	6	5
4	4	2
5	4	1
6	1	1
1	4	6
2	1	1
1	4	2
2	1	5
3	1	1
1	6	5
2	5	6
3	6	2
4	2	4
5	4	4
6	3	1
7	2	6
8	6	5
9	4	1
10	4	3
11	4	2
12	1	6
13	3	3
14	5	1
15	6	4
16	6	6
17	1	3
18	3	5
19	4	1
20	5	1
21	6	1
22	2	6
23	4	5
24	4	3
25	2	1
26	6	5
27	6	6
28	2	4
29	2	4
30	3	4
31	5	3
32	3	5
33	2	5
34	6	3
35	3	5
36	4	5
37	5	3
38	2	1
39	1	1
1	2	3
2	5	3
3	4	3
4	5	2
5	2	5
6	4	2
7	1	2
8	6	5
9	5	5
10	3	3
11	1	6
12	4	1
13	3	6
14	4	4
15	1	6
16	3	6
17	5	6
18	4	5
19	4	1
20	1	6
21	3	6
22	5	1
23	6	2
24	3	2
25	3	2
26	1	6
27	2	6
28	6	2
29	4	6
30	3	4
31	5	4
32	4	6
33	5	3
34	1	5
35	1	3
36	2	1
37	6	2
38	5	2
39	4	3
40	3	6
41	6	3
42	2	4
43	3	5
44	3	6
45	6	5
46	4	4
47	2	1
48	2	5
49	3	3
50	3	2
51	5	6
52	2	6
53	5	5
54	1	2
55	5	4
56	2	1
57	4	2
58	6	6
59	5	2
60	6	1
61	4	6
62	2	1
63	3	6
64	3	4
65	5	1
66	3	2
67	5	4
68	6	1
69	1	3
70	5	4
71	1	5
72	6	6
73	2	3
74	2	1
75	3	3
76	2	4
77	5	4
78	2	6
79	3	2
80	6	2
81	2	5
82	2	3
83	1	5
84	4	2
85	3	6
86	3	3
87	1	1
1	2	1
2	4	6
3	6	4
4	2	3
5	6	1
6	2	2
7	6	1
8	5	5
9	1	3
10	5	6
11	1	6
12	6	4
13	6	4
14	5	5
15	2	5
16	5	1
17	4	5
18	2	2
19	1	2
20	3	6
21	1	4
22	3	4
23	4	4
24	3	6
25	2	5
26	3	1
27	5	2
28	1	3
29	6	2
30	5	1
31	3	2
32	6	2
33	4	4
34	1	1
1	2	6
2	3	1
3	6	2
4	3	4
5	5	5
6	6	5
7	1	3
8	6	6
9	1	5
10	1	2
11	3	1
12	1	3
13	1	2
14	5	6
15	4	2
16	2	1
17	5	1
18	4	5
19	4	5
20	2	4
21	1	3
22	3	3
23	3	5
24	2	1
25	1	2
26	2	6
27	4	6
28	2	6
29	1	1
1	6	5
2	3	1
3	2	3
4	3	6
5	1	5
6	3	6
7	3	6
8	2	1
9	1	2
10	1	4
11	1	1
1	6	4
2	4	3
3	1	2
4	6	6
5	4	2
6	6	6
7	4	2
8	2	3
9	4	4
10	3	1
11	3	1
12	2	3
13	2	4
14	1	5
15	1	1
1	5	4
2	5	2
3	1	4
4	3	3
5	2	4
6	6	2
7	2	6
8	4	4
9	1	2
10	6	6
11	5	1
12	4	5
13	1	6
14	5	6
15	6	2
16	4	3
17	6	2
18	5	1
19	2	5
20	4	6
21	6	2
22	1	4
23	1	1
1	5	3
2	6	4
3	4	4
4	3	1
5	4	6
6	3	5
7	2	6
8	4	3
9	2	4
10	5	5
11	1	4
12	6	5
13	3	6
14	4	6
15	3	5
16	3	1
17	2	4
18	4	3
19	2	3
20	6	6
21	1	4
22	6	5
23	2	6
24	4	3
25	6	5
26	6	2
27	6	2
28	2	6
29	5	2
30	3	6
31	5	5
32	2	6
33	2	6
34	2	6
35	3	3
36	5	5
37	1	2
38	6	6
39	4	2
40	1	6
41	1	4
42	3	2
43	2	2
44	2	1
45	3	3
46	5	5
47	4	3
48	2	3
49	1	3
50	5	3
51	6	5
52	5	3
53	6	5
54	3	5
55	6	2
56	1	4
57	2	1
58	5	2
59	6	4
60	4	6
61	1	5
62	1	5
63	3	3
64	1	2
65	4	1
66	5	3
67	2	4
68	2	3
69	4	4
70	1	5
71	4	2
72	4	1
73	6	5
74	2	3
75	2	5
76	1	3
77	6	6
78	1	1
1	1	2
2	5	1
3	6	2
4	5	4
5	3	6
6	6	1
7	1	5
8	6	3
9	3	5
10	2	2
11	4	6
12	2	5
13	6	3
14	6	4
15	2	4
16	4	1
17	3	6
18	3	2
19	5	4
20	1	1
1	5	4
2	6	4
3	4	6
4	5	2
5	2	6
6	4	2
7	1	6
8	1	1
1	4	4
2	2	3
3	5	4
4	4	3
5	2	6
6	2	1
7	4	4
8	6	2
9	5	2
10	4	4
11	3	4
12	5	6
13	1	6
14	4	3
15	4	3
16	4	5
17	5	3
18	6	6
19	1	2
20	2	3
21	3	6
22	3	3
23	5	2
24	1	1
1	4	2
2	3	6
3	3	2
4	5	5
5	1	6
6	6	6
7	6	6
8	1	5
9	6	1
10	2	6
11	3	1
12	3	4
13	3	6
14	1	4
15	5	3
16	5	1
17	2	4
18	6	5
19	3	5
20	4	6
21	2	6
22	4	3
23	6	5
24	2	1
25	1	2
26	2	5
27	5	3
28	3	5
29	3	2
30	4	1
31	3	1
32	2	2
33	2	3
34	1	1
1	5	2
2	3	2
3	4	6
4	1	6
5	3	4
6	5	5
7	6	5
8	3	4
9	2	3
10	4	5
11	6	1
12	5	5
13	6	3
14	3	4
15	2	1
16	6	3
17	2	5
18	6	2
19	2	2
20	6	5
21	6	4
22	6	2
23	2	4
24	1	1
1	5	3
2	1	1
1	5	5
2	2	4
3	2	4
4	3	6
5	5	5
6	6	1
7	1	3
8	4	4
9	5	3
10	2	2
11	2	1
12	4	5
13	5	3
14	6	4
15	3	6
16	2	3
17	2	6
18	3	4
19	3	5
20	1	1
1	6	1
2	4	5
3	6	3
4	6	1
5	3	4
6	2	3
7	5	6
8	3	6
9	6	5
10	1	2
11	1	5
12	3	1
13	1	4
14	1	4
15	2	1
16	3	2
17	2	3
18	6	1
19	3	5
20	2	5
21	2	3
22	6	5
23	1	6
24	2	3
25	5	4
26	2	3
27	1	4
28	1	3
29	1	1
1	5	6
2	5	1
3	1	6
4	3	4
5	2	1
6	1	2
7	3	1
8	3	6
9	3	1
10	1	6
11	2	4
12	4	6
13	5	2
14	2	5
15	6	2
16	4	3
17	5	2
18	2	1
19	5	5
20	1	3
21	6	5
22	5	2
23	1	5
24	4	4
25	6	4
26	5	5
27	1	2
28	4	2
29	6	2
30	1	4
31	3	1
32	2	5
33	6	1
34	3	5
35	1	4
36	2	5
37	1	2
38	2	2
39	3	5
40	1	3
41	2	2
42	2	5
43	2	1
44	5	1
45	5	1
46	1	2
47	2	2
48	6	3
49	6	4
50	3	1
51	4	4
52	6	5
53	6	4
54	3	6
55	5	2
56	3	5
57	3	4
58	5	2
59	1	6
60	4	1
61	2	3
62	6	3
63	1	6
64	4	2
65	4	1
66	3	6
67	3	4
68	2	5
69	6	3
70	2	1
71	4	3
72	4	6
73	2	6
74	2	5
75	2	6
76	3	4
77	6	2
78	6	6
79	6	6
80	6	1
81	4	5
82	1	3
83	6	6
84	3	3
85	2	2
86	4	2
87	5	2
88	5	5
89	3	5
90	6	3
91	4	5
92	3	1
93	6	4
94	2	2
95	6	3
96	6	6
97	4	4
98	6	5
99	2	5
100	6	6
101	3	5
102	5	2
103	5	3
104	3	6
105	1	5
106	3	4
107	2	1
108	2	6
109	1	5
110	2	2
111	1	3
112	5	1
113	4	6
114	3	1
115	4	4
116	1	6
117	4	1
118	5	1
119	5	6
120	4	1
121	2	4
122	3	3
123	3	4
124	3	4
125	4	5
126	5	5
127	2	1
128	2	2
129	3	3
130	2	4
131	6	4
132	5	6
133	6	6
134	3	5
135	4	2
136	4	4
137	5	6
138	2	5
139	3	2
140	4	1
141	5	6
142	2	1
143	5	1
144	5	3
145	1	1
1	6	2
2	3	3
3	1	2
4	6	1
5	6	6
6	3	4
7	2	3
8	3	2
9	1	5
10	1	4
11	2	5
12	1	4
13	3	6
14	6	5
15	3	6
16	4	2
17	1	3
18	2	1
19	5	6
20	2	6
21	4	1
22	1	4
23	4	2
24	2	3
25	3	6
26	6	4
27	5	5
28	2	3
29	3	4
30	6	2
31	4	3
32	2	3
33	3	5
34	6	5
35	1	4
36	3	5
37	1	6
38	1	6
39	5	3
40	2	6
41	4	6
42	5	2
43	6	6
44	1	3
45	5	3
46	1	2
47	5	4
48	2	3
49	6	2
50	6	6
51	3	4
52	3	3
53	3	4
54	5	2
55	1	6
56	2	5
57	1	5
58	6	3
59	4	5
60	5	1
61	4	3
62	2	6
63	3	6
64	3	2
65	5	5
66	4	1
67	1	5
68	4	5
69	1	1
1	5	3
2	1	5
3	5	3
4	3	4
5	3	1
6	5	5
7	2	6
8	4	1
9	3	4
10	5	2
11	4	6
12	6	5
13	2	3
14	3	1
15	1	6
16	1	3
17	6	5
18	1	5
19	3	5
20	4	1
21	3	6
22	5	2
23	6	2
24	1	2
25	4	6
26	6	1
27	4	5
28	6	5
29	3	3
30	6	2
31	1	4
32	6	2
33	1	4
34	6	6
35	4	1
36	4	4
37	5	1
38	5	4
39	4	4
40	4	1
41	6	3
42	3	4
43	4	6
44	6	6
45	4	3
46	5	1
47	1	5
48	4	4
49	3	1
50	5	5
51	2	4
52	6	4
53	2	5
54	3	1
55	3	4
56	5	6
57	5	3
58	6	4
59	4	3
60	5	5
61	4	6
62	1	5
63	3	5
64	4	4
65	1	4
66	1	5
67	4	1
68	3	2
69	5	6
70	4	6
71	6	1
72	1	3
73	5	4
74	1	4
75	5	5
76	6	6
77	2	5
78	6	1
79	4	1
80	3	6
81	5	5
82	1	5
83	3	1
84	3	3
85	3	2
86	6	4
87	5	2
88	2	6
89	1	5
90	6	6
91	3	5
92	6	6
93	1	2
94	2	6
95	4	3
96	5	3
97	2	4
98	1	6
99	1	6
100	1	3
101	5	1
102	6	4
103	3	1
104	3	1
105	3	2
106	5	4
107	2	4
108	2	3
109	1	4
110	5	4
111	1	3
112	6	5
113	5	3
114	4	4
115	6	4
116	3	6
117	1	4
118	3	6
119	3	6
120	4	3
121	4	5
122	4	4
123	5	6
124	3	2
125	4	4
126	2	4
127	6	3
128	4	6
129	3	3
130	1	6
131	4	2
132	6	6
133	1	2
134	4	2
135	3	1
136	5	1
137	1	2
138	2	4
139	2	1
140	1	1
1	4	1
2	4	2
3	2	5
4	6	6
5	1	4
6	2	6
7	1	1
1	1	4
2	3	4
3	4	4
4	1	4
5	3	2
6	1	2
7	3	3
8	4	6
9	5	2
10	1	1
1	4	5
2	3	3
3	1	3
4	6	2
5	6	5
6	5	3
7	1	1
1	6	6
2	4	1
3	1	3
4	4	4
5	2	2
6	4	1
7	5	6
8	1	3
9	5	6
10	5	5
11	1	2
12	4	5
13	5	3
14	5	4
15	1	6
16	6	6
17	1	3
18	3	5
19	2	1
20	6	1
21	6	3
22	3	6
23	6	6
24	2	3
25	5	2
26	1	1
1	4	6
2	4	5
3	3	4
4	2	6
5	1	6
6	2	4
7	1	4
8	1	3
9	3	5
10	5	6
11	4	3
12	5	6
13	1	4
14	6	5
15	6	5
16	3	3
17	2	1
18	2	3
19	1	4
20	1	5
21	1	4
22	5	5
23	1	2
24	5	1
25	3	5
26	1	6
27	3	1
28	6	6
29	1	5
30	4	1
31	3	1
32	1	4
33	3	4
34	4	2
35	2	2
36	2	2
37	5	1
38	4	5
39	4	4
40	2	5
41	4	1
42	6	1
43	4	6
44	6	1
45	2	4
46	3	6
47	1	6
48	6	1
49	4	3
50	6	2
51	1	3
52	4	6
53	2	2
54	1	6
55	1	4
56	4	6
57	4	5
58	1	1
1	4	3
2	3	4
3	3	2
4	5	5
5	3	1
6	2	3
7	3	6
8	4	1
9	2	4
10	1	3
11	2	6
12	4	3
13	5	3
14	1	1
1	3	3
2	3	6
3	3	6
4	5	6
5	6	1
6	4	5
7	5	3
8	5	1
9	5	4
10	5	6
11	3	3
12	5	2
13	3	3
14	5	4
15	3	5
16	2	6
17	3	6
18	1	3
19	4	1
20	5	6
21	4	4
22	6	2
23	1	5
24	6	5
25	4	4
26	5	3
27	2	3
28	5	6
29	6	6
30	3	6
31	2	2
32	6	2
33	4	6
34	5	1
35	5	4
36	2	5
37	6	4
38	5	5
39	3	1
40	5	5
41	6	1
42	6	1
43	3	6
44	2	5
45	4	1
46	6	6
47	5	6
48	3	2
49	3	5
50	4	5
51	1	3
52	5	3
53	6	2
54	6	6
55	5	1
56	6	1
57	5	6
58	2	2
59	1	3
60	2	6
61	4	5
62	4	2
63	1	2
64	6	3
65	1	1
1	3	4
2	1	4
3	5	4
4	1	5
5	3	1
6	5	3
7	5	1
8	1	6
9	2	5
10	6	5
11	3	1
12	5	6
13	2	2
14	2	5
15	4	5
16	2	3
17	6	5
18	6	5
19	2	6
20	6	1
21	5	3
22	6	6
23	4	2
24	4	4
25	6	4
26	3	1
27	2	1
28	5	1
29	4	1
30	5	6
31	1	6
32	4	4
33	6	6
34	3	2
35	6	5
36	6	5
37	2	1
38	6	6
39	1	3
40	4	6
41	4	2
42	1	6
43	4	2
44	3	3
45	1	4
46	4	3
47	1	3
48	6	1
49	3	5
50	6	4
51	2	1
52	5	1
53	3	2
54	2	2
55	1	6
56	6	1
57	6	6
58	5	2
59	4	6
60	2	6
61	5	4
62	1	4
63	4	6
64	5	4
65	5	1
66	5	5
67	5	4
68	3	6
69	5	4
70	6	6
71	3	4
72	3	1
73	5	6
74	1	2
75	1	4
76	1	1
1	2	5
2	6	2
3	3	6
4	4	4
5	2	1
6	1	2
7	2	4
8	4	4
9	4	5
10	4	5
11	3	5
12	4	6
13	1	5
14	1	1
1	1	6
2	3	3
3	6	3
4	2	1
5	2	4
6	6	4
7	2	5
8	1	1
1	1	1
1	1	6
2	1	6
3	4	6
4	3	4
5	3	4
6	6	4
7	6	5
8	5	3
9	3	6
10	1	1
1	2	6
2	5	2
3	3	4
4	1	1
1	1	2
2	2	1
3	6	3
4	5	6
5	5	5
6	1	4
7	2	3
8	2	1
9	4	1
10	5	4
11	6	4
12	3	6
13	1	2
14	3	3
15	3	5
16	4	5
17	2	6
18	4	5
19	5	1
20	3	3
21	4	4
22	5	6
23	1	1
1	4	1
2	3	1
3	4	1
4	1	1
1	1	1
1	4	6
2	2	5
3	1	2
4	1	2
5	6	2
6	5	1
7	1	6
8	5	2
9	5	4
10	4	1
11	4	3
12	2	3
13	6	2
14	3	1
15	1	5
16	4	5
17	2	3
18	5	3
19	1	4
20	2	2
21	6	2
22	3	6
23	1	1
1	1	6
2	3	2
3	2	3
4	1	3
5	5	2
6	1	2
7	1	1
1	5	2
2	4	5
3	3	2
4	6	2
5	6	4
6	2	2
7	1	2
8	1	1
1	5	3
2	5	1
3	6	2
4	6	1
5	1	3
6	4	2
7	1	1
1	3	2
2	6	2
3	5	2
4	4	1
5	4	4
6	5	4
7	2	5
8	1	1
1	4	3
2	5	6
3	1	2
4	3	6
5	1	6
6	4	5
7	6	4
8	6	1
9	2	3
10	6	4
11	4	3
12	4	6
13	3	6
14	2	6
15	6	1
16	3	3
17	2	6
18	4	4
19	4	3
20	1	3
21	5	6
22	4	2
23	5	1
24	6	4
25	4	2
26	5	1
27	1	4
28	1	3
29	5	4
30	5	2
31	3	6
32	5	3
33	1	2
34	6	4
35	1	4
36	2	6
37	4	1
38	3	1
39	5	4
40	3	4
41	5	1
42	1	2
43	4	6
44	4	4
45	6	1
46	6	2
47	3	4
48	5	1
49	3	3
50	1	1
1	1	4
2	1	1
1	1	1
1	6	6
2	4	3
3	2	2
4	3	3
5	5	1
6	6	4
7	1	2
8	3	5
9	5	6
10	6	1
11	5	5
12	5	4
13	5	6
14	1	2
15	1	5
16	4	4
17	5	5
18	6	2
19	5	2
20	4	4
21	6	1
22	4	4
23	2	2
24	1	6
25	5	6
26	1	3
27	4	6
28	6	5
29	1	6
30	6	4
31	4	5
32	3	5
33	2	1
34	4	6
35	4	1
36	1	1
1	1	2
2	6	1
3	2	1
4	5	4
5	4	1
6	1	3
7	6	1
8	1	3
9	1	4
10	2	6
11	6	2
12	4	1
13	5	4
14	1	2
15	4	4
16	2	3
17	4	2
18	5	5
19	6	1
20	2	3
21	1	4
22	1	5
23	3	1
24	5	3
25	3	2
26	3	4
27	3	5
28	6	6
29	4	1
30	5	6
31	4	1
32	4	1
33	1	2
34	6	6
35	2	4
36	2	1
37	3	2
38	4	2
39	5	1
40	1	3
41	2	6
42	2	4
43	3	4
44	5	2
45	1	1
1	3	5
2	2	6
3	1	2
4	5	4
5	2	6
6	3	6
7	1	1
1	2	3
2	1	4
3	3	2
4	5	1
5	4	3
6	5	2
7	3	1
8	2	5
9	6	3
10	3	6
11	2	6
12	2	2
13	6	5
14	1	4
15	4	4
16	6	2
17	1	3
18	3	6
19	3	5
20	3	4
21	1	5
22	2	6
23	3	5
24	5	3
25	1	5
26	3	1
27	6	2
28	2	6
29	2	4
30	2	2
31	4	6
32	3	3
33	5	3
34	2	3
35	3	2
36	6	1
37	5	2
38	5	4
39	3	5
40	5	4
41	2	4
42	3	1
43	5	5
44	1	2
45	1	5
46	6	4
47	6	1
48	6	3
49	2	5
50	3	2
51	2	3
52	4	6
53	1	5
54	1	2
55	3	2
56	6	5
57	3	5
58	2	1
59	1	3
60	2	5
61	5	2
62	4	4
63	4	5
64	3	5
65	3	5
66	2	4
67	1	5
68	1	2
69	4	1
70	3	2
71	6	6
72	4	3
73	4	5
74	4	2
75	4	5
76	2	5
77	6	4
78	5	2
79	1	3
80	6	3
81	2	2
82	3	4
83	3	4
84	2	2
85	2	4
86	5	2
87	1	4
88	3	4
89	2	2
90	6	1
91	4	4
92	3	4
93	6	1
94	3	3
95	5	3
96	6	1
97	6	5
98	5	4
99	1	4
100	3	2
101	5	4
102	2	4
103	2	1
104	2	1
105	4	2
106	3	3
107	6	6
108	4	6
109	4	6
110	1	6
111	4	5
112	6	3
113	1	4
114	3	2
115	6	4
116	2	3
117	6	4
118	6	2
119	3	2
120	5	2
121	5	5
122	4	2
123	5	3
124	6	6
125	5	6
126	1	5
127	2	2
128	6	4
129	4	2
130	5	4
131	1	3
132	4	3
133	1	3
134	2	3
135	1	5
136	6	2
137	4	5
138	6	2
139	6	5
140	5	1
141	5	1
142	6	1
143	1	1
1	1	6
2	1	5
3	5	2
4	5	1
5	1	6
6	3	6
7	1	2
8	5	5
9	2	6
10	6	1
11	1	3
12	2	6
13	3	1
14	1	3
15	6	3
16	4	2
17	3	5
18	3	1
19	6	2
20	3	5
21	2	2
22	3	4
23	6	5
24	3	1
25	3	2
26	2	1
27	5	6
28	6	3
29	2	3
30	4	2
31	3	5
32	6	1
33	3	1
34	1	1
1	2	4
2	5	1
3	1	1
1	4	5
2	1	1
1	3	1
2	2	6
3	2	4
4	4	4
5	5	2
6	2	5
7	6	5
8	5	6
9	4	6
10	5	1
11	1	6
12	1	6
13	5	1
14	4	3
15	5	4
16	6	4
17	2	3
18	5	5
19	2	6
20	5	2
21	5	4
22	1	6
23	4	1
24	2	5
25	6	5
26	2	5
27	1	3
28	1	2
29	6	2
30	2	4
31	5	2
32	4	1
33	4	6
34	4	1
35	5	3
36	2	6
37	3	6
38	5	6
39	2	4
40	2	5
41	2	4
42	4	5
43	6	3
44	1	3
45	3	6
46	2	2
47	4	2
48	1	6
49	5	1
50	5	5
51	3	2
52	5	2
53	4	2
54	5	3
55	5	4
56	6	2
57	3	6
58	5	6
59	1	2
60	4	5
61	2	1
62	5	2
63	6	6
64	6	6
65	1	1
1	3	1
2	4	2
3	1	1
1	3	3
2	1	1
1	2	6
2	6	2
3	4	4
4	6	4
5	2	6
6	3	3
7	4	4
8	1	5
9	3	4
10	2	1
11	4	4
12	4	2
13	5	5
14	1	2
15	3	3
16	4	6
17	4	3
18	4	3
19	6	2
20	2	6
21	6	4
22	4	5
23	2	4
24	5	4
25	5	3
26	3	5
27	5	6
28	4	6
29	4	2
30	2	3
31	1	3
32	5	1
33	2	4
34	6	6
35	1	1
1	6	6
2	6	2
3	6	5
4	1	3
5	5	4
6	5	2
7	4	5
8	2	4
9	3	5
10	1	4
11	6	2
12	3	6
13	6	3
14	4	2
15	1	4
16	3	5
17	4	5
18	6	2
19	2	3
20	1	6
21	5	6
22	1	4
23	1	4
24	1	5
25	5	1
26	1	6
27	5	1
28	1	1
1	6	2
2	1	1
1	2	4
2	6	6
3	5	2
4	3	2
5	2	4
6	2	1
7	1	2
8	5	3
9	4	2
10	6	2
11	4	3
12	3	6
13	3	4
14	3	6
15	3	1
16	6	2
17	3	4
18	5	6
19	5	2
20	3	5
21	5	6
22	6	3
23	3	3
24	3	2
25	5	5
26	1	5
27	6	4
28	2	4
29	3	5
30	5	6
31	5	1
32	4	6
33	1	5
34	3	2
35	6	3
36	2	2
37	4	2
38	4	1
39	2	5
40	1	5
41	6	6
42	1	2
43	1	4
44	2	4
45	2	2
46	1	2
47	3	1
48	6	6
49	2	6
50	3	1
51	1	3
52	4	4
53	1	3
54	1	6
55	2	2
56	1	5
57	2	6
58	2	3
59	3	4
60	2	5
61	5	4
62	2	3
63	2	3
64	3	5
65	5	4
66	2	6
67	1	1
1	1	5
2	5	4
3	1	3
4	3	1
5	6	1
6	4	3
7	1	6
8	2	2
9	2	4
10	1	6
11	1	1
1	1	4
2	2	6
3	4	4
4	4	4
5	6	2
6	1	3
7	1	5
8	5	4
9	3	3
10	2	6
11	5	2
12	4	4
13	5	4
14	6	5
15	5	5
16	6	5
17	2	2
18	5	1
19	1	2
20	1	5
21	4	2
22	5	6
23	2	6
24	3	2
25	3	5
26	2	4
27	4	2
28	6	5
29	5	2
30	3	5
31	1	2
32	3	1
33	1	4
34	5	2
35	2	1
36	1	3
37	2	1
38	1	4
39	4	5
40	5	2
41	2	2
42	2	3
43	4	2
44	3	6
45	2	5
46	2	5
47	3	2
48	2	5
49	6	5
50	1	5
51	4	6
52	3	4
53	4	5
54	2	2
55	1	3
56	5	4
57	4	4
58	2	4
59	6	1
60	1	5
61	1	5
62	2	3
63	2	6
64	6	4
65	4	5
66	3	3
67	4	2
68	4	5
69	3	6
70	1	4
71	5	2
72	6	5
73	4	1
74	6	2
75	1	4
76	5	3
77	2	2
78	6	6
79	5	6
80	5	4
81	6	5
82	2	1
83	1	4
84	6	2
85	6	1
86	3	4
87	6	5
88	3	2
89	4	4
90	2	5
91	2	2
92	6	6
93	3	6
94	3	3
95	1	2
96	4	1
97	4	5
98	6	3
99	3	4
100	5	4
101	6	1
102	6	2
103	5	2
104	6	5
105	2	6
106	2	6
107	5	4
108	6	4
109	4	4
110	4	5
111	5	2
112	3	5
113	1	5
114	3	6
115	6	1
116	2	6
117	6	6
118	1	4
119	3	3
120	3	4
121	6	4
122	1	2
123	2	3
124	6	3
125	3	5
126	2	1
127	4	3
128	3	1
129	4	5
130	3	3
131	3	2
132	2	4
133	5	6
134	5	6
135	4	3
136	6	4
137	2	3
138	1	1
1	5	3
2	5	4
3	4	6
4	3	6
5	3	6
6	2	1
7	4	2
8	5	1
9	4	4
10	1	5
11	2	6
12	5	5
13	6	3
14	3	2
15	6	6
16	5	6
17	2	3
18	2	5
19	5	2
20	2	2
21	1	5
22	6	3
23	4	1
24	5	4
25	5	1
26	2	5
27	2	5
28	4	4
29	3	2
30	5	3
31	1	2
32	6	4
33	2	6
34	4	1
35	5	3
36	6	3
37	1	5
38	5	3
39	4	5
40	5	3
41	6	1
42	4	4
43	2	1
44	5	3
45	5	4
46	1	5
47	1	3
48	6	2
49	3	5
50	4	5
51	4	6
52	6	3
53	2	1
54	1	1
1	2	6
2	5	6
3	1	1
1	5	5
2	4	2
3	4	6
4	1	6
5	4	5
6	4	2
7	1	1
1	5	1
2	3	5
3	6	1
4	5	6
5	1	6
6	5	1
7	3	3
8	4	4
9	1	6
10	4	5
11	6	6
12	1	5
13	4	3
14	5	5
15	6	3
16	1	4
17	3	3
18	2	2
19	3	3
20	2	5
21	3	3
22	4	5
23	4	5
24	1	6
25	1	6
26	5	2
27	6	5
28	3	4
29	6	2
30	1	3
31	6	3
32	4	2
33	1	4
34	1	6
35	5	1
36	2	4
37	2	5
38	4	6
39	5	2
40	1	1
1	6	6
2	3	3
3	3	6
4	1	1
1	4	2
2	4	5
3	5	2
4	5	6
5	5	2
6	3	6
7	6	5
8	3	4
9	2	4
10	1	6
11	2	2
12	6	2
13	4	1
14	3	4
15	6	5
16	4	3
17	3	6
18	1	1
1	4	4
2	3	6
3	1	2
4	6	6
5	4	6
6	2	2
7	2	3
8	3	2
9	3	3
10	3	4
11	2	4
12	2	1
13	5	3
14	4	2
15	2	3
16	6	6
17	6	1
18	4	5
19	3	3
20	4	1
21	3	3
22	4	3
23	3	3
24	1	1
1	2	4
2	3	1
3	2	3
4	5	4
5	2	6
6	6	2
7	2	5
8	3	2
9	6	5
10	6	2
11	2	4
12	3	3
13	4	5
14	4	6
15	5	5
16	3	5
17	3	3
18	2	3
19	4	1
20	3	4
21	6	2
22	5	2
23	3	6
24	5	4
25	3	1
26	5	3
27	2	4
28	1	2
29	4	5
30	4	6
31	5	6
32	1	4
33	6	6
34	3	5
35	2	4
36	5	2
37	2	3
38	6	5
39	2	6
40	3	2
41	1	5
42	3	3
43	6	6
44	4	1
45	2	1
46	1	1
1	3	4
2	4	6
3	3	5
4	3	2
5	3	6
6	4	3
7	4	3
8	4	6
9	2	2
10	2	3
11	4	5
12	4	4
13	2	2
14	3	3
15	2	5
16	3	2
17	5	2
18	3	3
19	4	3
20	1	2
21	1	5
22	1	3
23	5	5
24	3	5
25	4	6
26	3	4
27	1	6
28	6	1
29	6	4
30	2	1
31	5	2
32	4	2
33	5	5
34	5	3
35	1	1
1	3	6
2	4	6
3	3	3
4	2	5
5	1	6
6	5	4
7	4	1
8	4	6
9	1	5
10	4	4
11	5	5
12	3	2
13	2	2
14	1	3
15	1	6
16	1	2
17	2	5
18	1	2
19	1	2
20	6	5
21	6	3
22	3	1
23	2	2
24	5	3
25	4	6
26	6	6
27	1	5
28	2	1
29	5	3
30	3	3
31	1	6
32	1	2
33	2	5
34	2	1
35	6	3
36	2	5
37	6	4
38	1	2
39	4	2
40	1	6
41	2	2
42	4	1
43	5	3
44	4	3
45	4	3
46	1	3
47	4	4
48	3	3
49	6	6
50	1	5
51	1	3
52	5	6
53	6	6
54	2	6
55	3	5
56	4	5
57	3	6
58	2	1
59	5	2
60	5	5
61	4	3
62	1	2
63	3	2
64	6	1
65	5	6
66	6	3
67	2	6
68	2	4
69	3	5
70	2	6
71	2	4
72	2	2
73	4	6
74	5	5
75	1	4
76	2	5
77	4	4
78	4	6
79	4	2
80	4	6
81	6	6
82	1	6
83	4	2
84	3	2
85	1	6
86	3	1
87	1	1
1	6	5
2	2	5
3	1	4
4	4	1
5	3	3
6	6	2
7	3	5
8	2	1
9	4	1
10	3	6
11	5	1
12	1	4
13	3	4
14	1	3
15	4	5
16	3	1
17	5	5
18	3	6
19	1	3
20	6	5
21	6	2
22	2	4
23	1	4
24	6	2
25	2	2
26	1	4
27	2	2
28	5	2
29	3	6
30	1	4
31	6	6
32	5	5
33	5	4
34	1	6
35	6	2
36	5	6
37	4	2
38	5	6
39	6	3
40	4	2
41	6	2
42	2	5
43	4	4
44	1	3
45	4	6
46	1	1
1	5	3
2	2	5
3	6	3
4	6	4
5	1	2
6	1	6
7	2	2
8	6	5
9	5	3
10	6	4
11	3	1
12	5	1
13	1	5
14	6	1
15	6	3
16	3	2
17	5	4
18	6	6
19	4	3
20	6	4
21	6	4
22	5	4
23	5	5
24	3	5
25	2	1
26	4	6
27	3	3
28	2	6
29	6	3
30	6	6
31	5	5
32	1	6
33	4	1
34	2	2
35	4	3
36	4	3
37	6	2
38	5	4
39	4	5
40	1	5
41	5	4
42	3	1
43	2	6
44	2	6
45	3	4
46	5	1
47	2	2
48	6	1
49	4	2
50	2	3
51	5	3
52	2	1
53	1	2
54	3	6
55	1	5
56	1	4
57	3	2
58	6	1
59	6	4
60	1	5
61	1	2
62	2	5
63	6	2
64	2	3
65	1	2
66	6	3
67	1	6
68	3	3
69	6	5
70	5	1
71	6	5
72	5	6
73	3	6
74	4	2
75	1	2
76	6	1
77	6	5
78	5	4
79	2	1
80	6	1
81	1	6
82	1	6
83	3	1
84	5	6
85	1	2
86	6	4
87	1	6
88	1	1
1	2	1
2	4	6
3	5	5
4	6	5
5	2	2
6	2	5
7	6	1
8	3	1
9	1	5
10	1	6
11	2	6
12	5	4
13	6	2
14	6	2
15	3	5
16	4	5
17	2	1
18	6	2
19	5	2
20	5	4
21	2	1
22	1	3
23	5	5
24	2	2
25	1	2
26	2	5
27	1	6
28	4	6
29	3	6
30	6	2
31	4	3
32	4	2
33	6	5
34	6	6
35	1	3
36	4	2
37	5	1
38	1	3
39	1	2
40	4	5
41	2	3
42	2	2
43	2	3
44	2	5
45	2	3
46	1	3
47	2	6
48	1	3
49	1	1
1	1	2
2	1	4
3	1	1
1	1	2
2	2	3
3	1	3
4	6	2
5	1	4
6	1	5
7	1	5
8	4	6
9	5	6
10	3	5
11	5	3
12	2	3
13	4	5
14	5	1
15	4	2
16	3	4
17	6	2
18	1	5
19	5	1
20	1	4
21	6	2
22	4	6
23	2	1
24	2	4
25	5	5
26	3	5
27	1	5
28	3	1
29	5	6
30	6	1
31	6	3
32	6	6
33	6	2
34	5	3
35	2	3
36	6	2
37	6	1
38	4	5
39	5	1
40	6	6
41	6	6
42	4	4
43	6	2
44	4	2
45	1	5
46	6	4
47	4	3
48	5	3
49	3	2
50	4	4
51	4	3
52	1	3
53	1	1
1	1	3
2	3	6
3	1	1
1	2	6
2	5	5
3	6	6
4	6	3
5	6	6
6	4	5
7	2	2
8	2	6
9	1	3
10	4	5
11	5	2
12	3	4
13	6	6
14	6	2
15	4	5
16	6	4
17	1	5
18	2	2
19	6	1
20	4	6
21	6	4
22	3	3
23	5	4
24	6	6
25	3	6
26	5	3
27	1	5
28	2	5
29	6	4
30	5	6
31	1	6
32	6	3
33	4	4
34	6	6
35	1	4
36	2	3
37	1	1
1	6	6
2	1	2
3	1	3
4	3	1
5	2	1
6	4	5
7	4	2
8	5	5
9	6	1
10	5	3
11	3	3
12	5	1
13	6	1
14	1	2
15	4	2
16	5	6
17	2	6
18	1	2
19	3	2
20	5	3
21	3	6
22	4	2
23	3	5
24	6	2
25	6	2
26	2	4
27	4	1
28	6	5
29	3	5
30	2	6
31	2	6
32	4	2
33	1	5
34	2	2
35	3	4
36	1	3
37	6	3
38	3	2
39	5	4
40	4	6
41	6	2
42	6	4
43	4	6
44	3	4
45	2	2
46	2	1
47	3	4
48	5	3
49	4	6
50	1	2
51	5	6
52	4	3
53	2	5
54	6	6
55	5	1
56	1	2
57	2	6
58	4	5
59	1	2
60	2	5
61	4	2
62	2	4
63	4	4
64	2	5
65	6	1
66	3	6
67	6	6
68	4	4
69	5	2
70	6	3
71	5	5
72	2	3
73	6	5
74	5	6
75	4	1
76	3	4
77	5	1
78	4	1
79	3	1
80	1	6
81	2	4
82	3	3
83	1	4
84	2	3
85	2	5
86	3	1
87	6	4
88	4	4
89	6	3
90	3	5
91	6	2
92	1	5
93	1	6
94	1	4
95	6	6
96	3	6
97	4	1
98	2	4
99	3	4
100	1	2
101	4	3
102	3	2
103	1	2
104	2	4
105	3	4
106	5	1
107	5	4
108	3	1
109	2	5
110	3	5
111	4	6
112	5	1
113	4	6
114	3	3
115	5	3
116	3	4
117	1	1
1	2	6
2	5	4
3	3	4
4	1	1
1	1	6
2	2	1
3	2	3
4	6	2
5	2	5
6	6	2
7	5	5
8	4	2
9	2	2
10	4	1
11	1	6
12	1	2
13	4	5
14	2	6
15	6	6
16	4	6
17	4	3
18	2	3
19	4	1
20	1	1
1	4	4
2	4	1
3	5	6
4	4	6
5	5	3
6	5	1
7	3	6
8	3	5
9	6	1
10	6	6
11	4	4
12	6	1
13	6	4
14	2	2
15	6	1
16	2	5
17	3	4
18	6	5
19	6	2
20	5	1
21	1	1
1	2	1
2	5	2
3	6	4
4	1	1
1	1	2
2	1	6
3	5	1
4	4	2
5	3	6
6	3	2
7	4	4
8	5	3
9	2	2
10	2	1
11	3	6
12	1	4
13	3	2
14	1	6
15	4	4
16	6	3
17	4	2
18	4	2
19	1	6
20	3	1
21	5	5
22	5	6
23	5	1
24	3	5
25	2	6
26	4	4
27	3	1
28	6	1
29	4	3
30	2	6
31	4	5
32	1	4
33	3	6
34	3	2
35	3	3
36	1	4
37	1	4
38	4	5
39	4	3
40	1	6
41	5	4
42	6	6
43	3	5
44	4	1
45	3	2
46	2	2
47	6	6
48	1	4
49	4	5
50	4	2
51	6	4
52	1	2
53	6	6
54	5	3
55	4	6
56	5	6
57	2	3
58	5	1
59	4	2
60	5	5
61	6	3
62	2	5
63	2	1
64	2	4
65	1	1
1	2	6
2	6	4
3	6	6
4	1	4
5	5	2
6	5	4
7	3	5
8	4	3
9	3	4
10	4	2
11	2	6
12	4	2
13	2	2
14	4	6
15	3	3
16	5	2
17	4	4
18	2	6
19	5	4
20	5	4
21	3	3
22	4	1
23	2	6
24	2	5
25	5	5
26	3	3
27	1	3
28	5	5
29	2	3
30	4	4
31	3	5
32	4	1
33	5	5
34	3	2
35	2	6
36	2	3
37	6	6
38	2	5
39	1	4
40	4	5
41	6	5
42	1	1
1	2	3
2	2	5
3	5	6
4	2	1
5	4	4
6	1	3
7	3	1
8	6	5
9	3	6
10	6	1
11	6	3
12	6	4
13	3	1
14	5	2
15	3	2
16	1	1
1	5	1
2	5	3
3	4	6
4	6	5
5	6	1
6	2	5
7	3	3
8	1	1
1	4	2
2	5	4
3	4	2
4	2	3
5	4	5
6	2	2
7	5	1
8	3	4
9	1	1
1	4	1
2	2	5
3	5	5
4	4	2
5	6	1
6	4	6
7	2	2
8	4	4
9	4	5
10	4	3
11	1	6
12	6	4
13	3	2
14	3	4
15	2	5
16	4	2
17	5	4
18	5	6
19	1	5
20	4	3
21	3	1
22	6	3
23	3	1
24	4	5
25	6	4
26	6	5
27	3	6
28	6	4
29	1	4
30	4	2
31	3	2
32	2	3
33	2	5
34	3	3
35	2	2
36	5	5
37	5	1
38	3	2
39	1	3
40	5	3
41	3	6
42	3	1
43	2	5
44	4	5
45	3	6
46	2	3
47	2	5
48	6	3
49	2	5
50	6	2
51	1	6
52	6	4
53	6	6
54	3	5
55	1	4
56	6	4
57	6	4
58	4	6
59	2	6
60	5	3
61	6	6
62	5	1
63	2	3
64	5	5
65	2	6
66	4	1
67	3	3
68	5	3
69	3	3
70	5	5
71	1	5
72	2	2
73	1	2
74	3	6
75	6	1
76	4	2
77	2	4
78	3	4
79	1	4
80	2	5
81	1	1
1	6	3
2	5	6
3	4	1
4	1	5
5	4	2
6	2	1
7	3	6
8	4	5
9	4	1
10	4	1
11	3	2
12	2	5
13	4	5
14	6	3
15	3	6
16	4	3
17	4	5
18	3	1
19	1	5
20	2	2
21	1	3
22	6	3
23	3	1
24	4	1
25	1	5
26	6	3
27	2	1
28	2	4
29	3	4
30	4	4
31	5	2
32	1	1
1	2	5
2	1	1
1	5	4
2	1	1
1	5	5
2	4	3
3	3	6
4	6	1
5	4	5
6	6	3
7	5	6
8	2	6
9	5	5
10	2	6
11	5	6
12	6	6
13	5	6
14	1	5
15	3	3
16	5	6
17	2	6
18	4	4
19	5	4
20	3	4
21	1	4
22	5	2
23	6	5
24	6	5
25	2	4
26	6	2
27	4	3
28	3	6
29	2	6
30	6	6
31	1	4
32	1	2
33	6	4
34	2	2
35	5	5
36	2	1
37	5	4
38	1	4
39	4	6
40	5	4
41	3	5
42	6	4
43	5	1
44	4	4
45	4	2
46	1	2
47	6	4
48	3	3
49	4	1
50	2	2
51	1	6
52	2	6
53	6	1
54	6	3
55	1	3
56	1	3
57	1	1
1	1	5
2	4	6
3	6	2
4	4	5
5	6	6
6	2	3
7	5	5
8	3	3
9	6	4
10	1	1
1	4	1
2	1	3
3	4	1
4	3	6
5	6	4
6	2	3
7	2	6
8	4	5
9	4	4
10	3	5
11	2	2
12	5	2
13	3	3
14	1	6
15	1	5
16	4	3
17	2	1
18	2	5
19	1	3
20	6	2
21	1	3
22	4	5
23	6	4
24	3	2
25	3	2
26	1	6
27	1	1
1	4	5
2	3	1
3	2	2
4	6	3
5	4	5
6	1	3
7	6	4
8	1	3
9	6	2
10	4	3
11	6	5
12	6	5
13	4	1
14	3	4
15	4	6
16	4	3
17	2	5
18	4	1
19	6	2
20	2	5
21	6	4
22	5	1
23	6	1
24	6	6
25	3	3
26	3	3
27	3	5
28	2	5
29	1	5
30	5	1
31	3	3
32	3	3
33	4	4
34	4	1
35	5	2
36	6	3
37	1	2
38	6	3
39	3	5
40	3	2
41	4	4
42	4	5
43	1	1
1	2	2
2	5	3
3	1	2
4	1	6
5	1	5
6	6	6
7	4	4
8	3	1
9	4	3
10	6	6
11	6	6
12	4	3
13	3	3
14	4	2
15	6	4
16	5	2
17	3	1
18	4	2
19	5	3
20	5	4
21	2	1
22	4	4
23	2	2
24	6	3
25	6	2
26	3	4
27	5	4
28	5	3
29	1	1
1	1	2
2	4	1
3	2	4
4	4	4
5	3	2
6	1	1
1	5	4
2	6	1
3	1	5
4	6	5
5	2	6
6	6	2
7	5	1
8	2	4
9	5	1
10	3	6
11	5	5
12	2	2
13	6	5
14	1	6
15	1	6
16	5	3
17	1	4
18	6	6
19	6	3
20	3	6
21	4	2
22	6	6
23	4	2
24	2	5
25	2	4
26	2	1
27	2	4
28	1	4
29	1	3
30	3	3
31	4	6
32	6	3
33	1	5
34	6	6
35	2	1
36	6	4
37	6	6
38	2	6
39	6	3
40	3	5
41	2	5
42	6	3
43	5	3
44	3	5
45	1	6
46	2	1
47	3	3
48	3	6
49	1	4
50	3	5
51	2	4
52	1	2
53	2	2
54	4	3
55	1	1
1	1	6
2	3	6
3	5	1
4	5	5
5	6	4
6	2	5
7	6	1
8	6	5
9	6	4
10	2	6
11	3	2
12	3	5
13	6	2
14	5	3
15	3	6
16	2	6
17	6	2
18	1	4
19	6	3
20	3	1
21	5	3
22	6	5
23	3	6
24	2	4
25	5	2
26	2	2
27	3	6
28	3	2
29	6	3
30	2	1
31	3	6
32	3	6
33	4	2
34	5	3
35	3	5
36	4	5
37	1	1
1	5	2
2	4	1
3	5	3
4	6	2
5	1	5
6	5	6
7	3	3
8	1	4
9	1	1
1	1	4
2	1	2
3	1	1
1	3	5
2	4	3
3	6	2
4	5	2
5	5	3
6	3	6
7	4	5
8	3	1
9	1	3
10	5	6
11	6	3
12	4	5
13	6	2
14	1	3
15	1	6
16	6	6
17	2	5
18	1	6
19	5	1
20	2	4
21	3	4
22	5	6
23	6	3
24	6	5
25	1	5
26	4	4
27	1	1
1	2	5
2	3	5
3	4	4
4	2	6
5	1	5
6	5	5
7	2	2
8	6	6
9	6	6
10	1	4
11	4	1
12	5	3
13	4	5
14	3	4
15	4	1
16	1	2
17	6	2
18	6	5
19	4	4
20	2	5
21	1	5
22	5	2
23	2	6
24	3	3
25	6	3
26	2	1
27	6	3
28	1	2
29	3	6
30	4	5
31	6	3
32	2	4
33	4	2
34	2	3
35	5	1
36	5	3
37	1	6
38	6	2
39	1	3
40	5	2
41	6	1
42	6	5
43	5	2
44	2	5
45	3	4
46	2	3
47	3	5
48	6	4
49	1	5
50	2	4
51	6	6
52	3	6
53	4	5
54	1	5
55	5	5
56	3	3
57	3	1
58	4	4
59	5	6
60	3	2
61	4	3
62	2	6
63	5	4
64	1	3
65	1	3
66	5	3
67	4	1
68	6	5
69	1	1
1	5	6
2	4	3
3	4	4
4	6	2
5	1	1
1	6	3
2	6	3
3	5	1
4	4	6
5	3	6
6	6	5
7	5	6
8	1	1
1	2	5
2	4	3
3	1	1
1	3	3
2	6	4
3	3	2
4	3	2
5	6	1
6	6	6
7	4	2
8	3	5
9	6	3
10	6	1
11	4	4
12	1	6
13	5	3
14	5	5
15	1	3
16	4	1
17	1	4
18	6	1
19	6	3
20	4	3
21	5	1
22	6	4
23	5	1
24	6	3
25	6	2
26	2	1
27	4	1
28	3	2
29	4	2
30	3	6
31	5	4
32	3	2
33	1	3
34	5	6
35	3	1
36	3	5
37	4	4
38	5	4
39	1	1
1	5	1
2	5	2
3	4	6
4	4	5
5	3	4
6	6	6
7	5	3
8	5	6
9	6	5
10	6	3
11	6	6
12	6	6
13	6	4
14	2	2
15	1	6
16	1	1
1	5	6
2	1	3
3	4	3
4	1	3
5	4	4
6	5	6
7	5	3
8	4	4
9	1	6
10	5	3
11	2	5
12	3	6
13	6	2
14	3	6
15	4	6
16	1	1
1	4	5
2	4	2
3	5	2
4	6	2
5	1	3
6	6	4
7	1	4
8	4	1
9	5	2
10	4	3
11	2	2
12	1	5
13	3	1
14	4	6
15	4	6
16	3	1
17	6	4
18	4	4
19	2	4
20	6	1
21	3	1
22	3	1
23	1	4
24	3	3
25	2	5
26	6	3
27	5	4
28	2	2
29	2	2
30	4	3
31	4	2
32	5	6
33	3	4
34	6	5
35	4	4
36	4	1
37	4	4
38	1	3
39	5	1
40	4	6
41	5	1
42	4	4
43	1	4
44	2	6
45	5	3
46	5	5
47	4	6
48	6	2
49	6	5
50	6	2
51	5	2
52	6	5
53	5	6
54	1	5
55	6	4
56	6	1
57	4	5
58	5	6
59	5	5
60	4	2
61	1	2
62	1	6
63	6	1
64	6	4
65	4	4
66	6	6
67	5	6
68	4	3
69	2	5
70	2	3
71	1	3
72	2	1
73	3	5
74	3	4
75	6	1
76	1	5
77	3	2
78	2	3
79	5	4
80	2	2
81	5	4
82	6	3
83	5	3
84	4	2
85	5	5
86	4	4
87	4	2
88	4	2
89	1	2
90	2	4
91	1	4
92	4	2
93	5	3
94	3	3
95	1	5
96	3	3
97	6	2
98	1	6
99	5	5
100	5	1
101	6	2
102	2	6
103	3	1
104	1	6
105	6	4
106	5	1
107	2	4
108	5	1
109	2	2
110	6	6
111	4	5
112	2	5
113	5	6
114	6	4
115	1	1
1	5	3
2	6	2
3	6	5
4	4	3
5	1	3
6	3	1
7	6	1
8	1	1
1	2	1
2	6	6
3	5	2
4	2	2
5	1	6
6	1	2
7	4	5
8	1	2
9	3	3
10	6	3
11	5	5
12	3	2
13	2	5
14	2	5
15	3	6
16	3	4
17	5	2
18	6	4
19	3	1
20	2	2
21	2	5
22	6	3
23	4	1
24	4	6
25	6	5
26	1	1
1	2	2
2	6	6
3	1	6
4	6	1
5	2	3
6	5	4
7	5	6
8	2	1
9	1	6
10	2	1
11	1	4
12	3	6
13	1	3
14	3	1
15	1	5
16	6	2
17	4	5
18	5	3
19	1	6
20	4	4
21	2	6
22	5	1
23	3	5
24	3	5
25	1	5
26	3	1
27	3	6
28	6	2
29	3	5
30	1	2
31	4	1
32	5	5
33	2	5
34	4	5
35	5	4
36	3	3
37	5	6
38	2	4
39	1	6
40	5	4
41	5	4
42	6	5
43	1	1
1	6	3
2	6	3
3	2	6
4	5	5
5	1	6
6	4	4
7	3	5
8	5	6
9	1	1
1	1	6
2	5	5
3	4	5
4	5	5
5	1	3
6	1	1
1	5	3
2	3	4
3	1	4
4	6	5
5	4	4
6	5	2
7	3	4
8	1	4
9	5	2
10	3	3
11	3	2
12	3	4
13	5	1
14	4	5
15	1	2
16	2	5
17	4	4
18	6	4
19	2	3
20	4	4
21	2	5
22	2	1
23	1	4
24	4	5
25	1	2
26	4	1
27	4	5
28	4	6
29	1	4
30	2	4
31	4	3
32	4	5
33	1	2
34	1	6
35	1	6
36	6	3
37	6	1
38	2	5
39	2	1
40	6	3
41	6	4
42	2	5
43	5	6
44	1	3
45	1	6
46	2	1
47	4	1
48	3	3
49	5	3
50	4	1
51	4	4
52	6	4
53	2	2
54	3	5
55	1	5
56	2	5
57	1	2
58	3	1
59	3	2
60	1	3
61	2	2
62	6	4
63	3	3
64	2	2
65	4	4
66	4	2
67	4	3
68	5	5
69	1	4
70	6	3
71	5	3
72	2	2
73	5	1
74	3	4
75	3	6
76	6	1
77	4	6
78	4	4
79	6	1
80	3	5
81	3	2
82	1	4
83	1	4
84	1	4
85	3	3
86	5	1
87	4	3
88	3	2
89	6	1
90	4	2
91	3	4
92	3	3
93	2	6
94	6	4
95	3	4
96	5	3
97	4	3
98	2	6
99	3	5
100	5	6
101	2	4
102	3	5
103	4	6
104	5	3
105	1	4
106	1	3
107	5	5
108	6	6
109	3	5
110	6	1
111	5	5
112	1	5
113	4	6
114	3	3
115	1	6
116	5	5
117	2	1
118	6	6
119	6	1
120	6	3
121	5	3
122	4	6
123	5	1
124	5	5
125	1	4
126	3	6
127	5	5
128	1	6
129	3	5
130	2	3
131	1	6
132	5	3
133	4	6
134	4	3
135	4	1
136	1	3
137	1	6
138	1	1
1	5	1
2	1	5
3	1	2
4	3	1
5	3	3
6	5	2
7	3	4
8	5	2
9	2	2
10	3	6
11	4	5
12	2	1
13	2	5
14	6	4
15	5	1
16	4	1
17	5	1
18	4	2
19	3	2
20	1	3
21	2	4
22	2	1
23	1	3
24	2	1
25	2	3
26	3	6
27	1	3
28	6	4
29	5	3
30	2	3
31	5	3
32	5	3
33	3	2
34	4	5
35	3	4
36	4	2
37	2	3
38	4	3
39	3	3
40	6	3
41	1	1
1	2	4
2	2	6
3	1	4
4	2	2
5	6	5
6	1	3
7	4	2
8	4	4
9	4	1
10	3	4
11	2	3
12	4	6
13	1	4
14	3	6
15	3	1
16	3	2
17	1	2
18	4	3
19	4	5
20	2	2
21	1	2
22	5	2
23	5	1
24	6	4
25	5	2
26	6	3
27	2	6
28	5	4
29	2	1
30	6	2
31	1	6
32	3	6
33	6	2
34	1	6
35	2	4
36	5	4
37	4	4
38	2	5
39	3	3
40	6	2
41	5	3
42	6	6
43	4	3
44	3	4
45	4	2
46	1	6
47	2	3
48	2	1
49	2	1
50	1	6
51	1	1
1	3	2
2	3	3
3	1	5
4	5	2
5	5	6
6	1	4
7	2	2
8	5	2
9	4	6
10	1	2
11	2	5
12	6	1
13	3	2
14	1	5
15	4	5
16	5	1
17	1	1
1	3	3
2	2	5
3	1	4
4	1	6
5	2	4
6	5	4
7	2	6
8	1	1
1	1	3
2	4	3
3	4	6
4	1	6
5	5	5
6	4	6
7	3	6
8	5	6
9	5	4
10	5	1
11	6	4
12	5	1
13	5	1
14	4	2
15	2	3
16	4	2
17	6	5
18	6	5
19	3	4
20	5	1
21	4	1
22	5	4
23	3	1
24	6	4
25	6	5
26	6	3
27	6	2
28	1	2
29	2	4
30	4	6
31	2	5
32	3	6
33	2	6
34	4	6
35	2	5
36	6	2
37	4	1
38	1	6
39	1	5
40	1	4
41	2	6
42	3	2
43	3	1
44	5	1
45	4	2
46	6	6
47	5	6
48	6	2
49	5	3
50	5	1
51	1	4
52	2	2
53	3	2
54	4	5
55	5	6
56	2	3
57	6	4
58	6	2
59	1	2
60	3	1
61	5	3
62	3	6
63	3	1
64	4	4
65	3	2
66	3	5
67	4	4
68	1	5
69	5	5
70	2	4
71	3	2
72	6	4
73	2	2
74	4	3
75	6	4
76	2	2
77	1	2
78	1	1
1	1	3
2	5	1
3	1	5
4	3	2
5	1	1
1	4	3
2	2	4
3	5	2
4	1	2
5	1	5
6	3	6
7	4	3
8	4	3
9	4	2
10	1	6
11	5	3
12	4	6
13	1	1
1	1	3
2	5	4
3	5	3
4	5	5
5	4	6
6	5	1
7	1	3
8	2	1
9	5	3
10	2	4
11	6	4
12	3	2
13	2	1
14	6	6
15	3	2
16	3	1
17	5	5
18	3	2
19	5	5
20	5	4
21	6	3
22	5	2
23	2	4
24	6	2
25	1	6
26	1	4
27	2	1
28	4	5
29	6	2
30	3	3
31	3	5
32	2	4
33	2	6
34	1	4
35	5	6
36	2	5
37	5	5
38	3	5
39	6	6
40	2	4
41	5	3
42	5	4
43	3	1
44	2	3
45	3	1
46	5	2
47	6	4
48	6	1
49	5	3
50	4	5
51	5	5
52	3	4
53	3	5
54	2	4
55	3	5
56	5	6
57	3	1
58	1	2
59	3	6
60	6	2
61	1	4
62	2	3
63	1	6
64	3	6
65	2	6
66	6	6
67	6	4
68	4	1
69	2	2
70	1	5
71	6	2
72	5	4
73	6	1
74	4	5
75	4	5
76	3	4
77	2	3
78	2	5
79	3	6
80	2	5
81	1	5
82	3	5
83	3	2
84	6	4
85	4	5
86	5	6
87	3	5
88	4	1
89	1	2
90	6	3
91	6	6
92	2	5
93	6	2
94	6	5
95	6	1
96	6	3
97	2	4
98	5	1
99	4	4
100	6	4
101	3	5
102	5	1
103	4	5
104	5	6
105	3	5
106	5	3
107	6	4
108	1	6
109	4	5
110	1	4
111	6	4
112	5	5
113	2	2
114	4	6
115	4	2
116	4	4
117	3	2
118	2	5
119	2	6
120	5	1
121	6	6
122	3	1
123	4	5
124	2	4
125	4	6
126	1	4
127	3	4
128	4	5
129	2	1
130	3	4
131	2	2
132	6	2
133	4	3
134	6	4
135	6	3
136	6	1
137	2	5
138	3	1
139	4	4
140	6	1
141	6	1
142	3	1
143	3	6
144	4	4
145	3	2
146	6	2
147	2	4
148	1	1
1	1	3
2	5	6
3	4	4
4	5	5
5	6	2
6	3	2
7	4	1
8	6	2
9	2	4
10	5	1
11	3	5
12	4	5
13	4	4
14	4	4
15	4	2
16	3	1
17	1	2
18	5	4
19	6	4
20	6	2
21	1	3
22	2	4
23	5	3
24	2	6
25	2	3
26	1	3
27	3	4
28	1	5
29	3	2
30	6	5
31	2	6
32	3	3
33	3	6
34	4	3
35	2	1
36	5	4
37	3	6
38	6	5
39	5	4
40	4	5
41	1	1
1	2	1
2	2	6
3	6	5
4	5	4
5	1	4
6	4	4
7	4	3
8	2	4
9	6	1
10	3	6
11	1	3
12	1	6
13	4	3
14	6	2
15	3	6
16	4	4
17	4	2
18	2	3
19	4	2
20	5	2
21	2	1
22	4	3
23	6	6
24	1	4
25	6	1
26	1	3
27	2	5
28	6	4
29	5	1
30	1	4
31	3	1
32	6	2
33	6	3
34	1	4
35	3	1
36	1	3
37	6	4
38	3	4
39	3	6
40	4	6
41	4	2
42	5	6
43	5	1
44	1	6
45	2	1
46	3	1
47	3	2
48	1	6
49	6	5
50	1	4
51	5	2
52	3	1
53	6	5
54	1	5
55	6	2
56	4	4
57	6	4
58	6	5
59	1	1
1	3	1
2	4	5
3	2	5
4	4	6
5	5	1
6	3	3
7	1	3
8	3	4
9	1	6
10	1	4
11	4	2
12	4	3
13	3	4
14	4	5
15	4	2
16	1	4
17	1	3
18	6	1
19	5	5
20	2	1
21	4	2
22	2	3
23	2	1
24	3	3
25	3	4
26	4	4
27	5	3
28	4	1
29	5	1
30	6	4
31	6	3
32	6	6
33	4	5
34	1	3
35	1	2
36	1	2
37	1	1
1	6	2
2	5	5
3	2	5
4	5	6
5	5	1
6	6	1
7	1	2
8	4	6
9	4	5
10	6	4
11	6	3
12	4	4
13	5	6
14	2	5
15	3	6
16	1	5
17	5	5
18	4	1
19	2	3
20	6	3
21	6	4
22	3	4
23	1	4
24	6	5
25	6	6
26	2	1
27	4	3
28	1	4
29	2	3
30	4	6
31	3	1
32	5	4
33	6	5
34	6	2
35	6	2
36	5	2
37	1	5
38	2	5
39	4	6
40	4	5
41	5	4
42	4	3
43	1	2
44	3	1
45	3	4
46	4	4
47	4	6
48	6	6
49	1	2
50	2	3
51	6	2
52	6	5
53	5	2
54	6	1
55	4	2
56	1	4
57	2	1
58	2	2
59	2	1
60	6	4
61	6	5
62	6	1
63	2	6
64	3	1
65	4	5
66	3	5
67	4	6
68	5	2
69	6	3
70	6	1
71	6	1
72	2	3
73	2	4
74	6	6
75	1	1
1	4	1
2	2	6
3	3	6
4	2	6
5	5	5
6	6	6
7	4	3
8	5	2
9	3	2
10	5	2
11	2	4
12	5	2
13	2	5
14	2	3
15	2	3
16	4	4
17	3	6
18	6	1
19	6	1
20	5	5
21	5	6
22	4	4
23	1	4
24	4	1
25	6	4
26	3	3
27	1	1
1	1	4
2	5	5
3	6	6
4	2	4
5	3	3
6	3	1
7	5	3
8	5	3
9	1	3
10	4	5
11	2	3
12	6	5
13	1	1
1	4	6
2	4	3
3	3	6
4	4	1
5	2	4
6	5	5
7	1	3
8	2	6
9	1	3
10	2	2
11	6	5
12	4	2
13	4	3
14	2	3
15	5	2
16	6	3
17	4	2
18	1	3
19	3	6
20	5	4
21	3	6
22	1	4
23	2	2
24	4	2
25	2	2
26	1	1
1	3	5
2	2	4
3	4	3
4	2	3
5	3	2
6	6	6
7	4	4
8	6	1
9	1	1
1	3	3
2	2	6
3	1	2
4	6	6
5	2	3
6	5	4
7	6	6
8	5	5
9	4	5
10	1	3
11	1	5
12	3	3
13	4	6
14	3	5
15	6	3
16	6	5
17	1	2
18	2	5
19	3	6
20	1	6
21	4	4
22	2	4
23	1	1
1	6	1
2	2	3
3	4	5
4	1	1
1	5	3
2	3	3
3	5	5
4	5	2
5	1	1
1	3	4
2	3	2
3	5	5
4	3	4
5	5	3
6	3	6
7	5	4
8	2	6
9	2	5
10	2	6
11	1	1
1	5	3
2	3	5
3	6	1
4	3	2
5	2	1
6	4	1
7	5	3
8	3	6
9	4	3
10	4	4
11	6	2
12	3	6
13	3	2
14	4	4
15	4	2
16	5	4
17	1	3
18	3	6
19	4	6
20	3	3
21	5	1
22	2	4
23	1	5
24	5	5
25	5	1
26	5	6
27	1	5
28	3	1
29	1	3
30	6	1
31	5	3
32	4	4
33	6	2
34	4	1
35	6	5
36	6	2
37	1	4
38	3	4
39	5	5
40	5	4
41	3	3
42	5	5
43	1	5
44	6	6
45	3	6
46	2	1
47	1	1
1	3	5
2	3	5
3	2	6
4	3	6
5	5	2
6	4	1
7	1	1
1	6	3
2	1	1
1	5	2
2	1	4
3	2	1
4	4	5
5	5	3
6	6	4
7	6	3
8	6	4
9	2	2
10	4	4
11	2	5
12	6	6
13	3	6
14	3	2
15	2	3
16	3	2
17	3	4
18	1	4
19	6	5
20	1	1
1	6	2
2	1	4
3	5	4
4	2	3
5	6	3
6	3	5
7	6	6
8	1	2
9	3	3
10	3	4
11	6	5
12	3	4
13	2	5
14	2	6
15	5	5
16	6	2
17	6	1
18	1	3
19	2	5
20	1	2
21	5	4
22	5	5
23	2	4
24	4	6
25	1	4
26	1	3
27	5	2
28	6	5
29	5	3
30	5	1
31	6	6
32	1	5
33	5	5
34	1	6
35	5	3
36	2	6
37	6	3
38	3	4
39	1	2
40	2	6
41	4	5
42	3	3
43	3	2
44	6	5
45	3	4
46	1	3
47	3	5
48	4	2
49	1	5
50	2	3
51	6	2
52	4	3
53	1	1
1	2	2
2	4	5
3	5	2
4	4	1
5	3	2
6	2	3
7	6	6
8	4	3
9	6	2
10	6	5
11	2	2
12	1	1
1	1	5
2	1	6
3	3	6
4	1	6
5	3	2
6	3	5
7	1	1
1	5	3
2	6	1
3	2	5
4	2	4
5	6	5
6	1	2
7	1	5
8	5	1
9	2	2
10	1	2
11	5	1
12	5	6
13	3	1
14	4	5
15	1	5
16	6	1
17	4	2
18	4	1
19	6	3
20	4	4
21	3	6
22	1	6
23	4	6
24	2	3
25	2	4
26	2	3
27	1	5
28	1	2
29	2	3
30	2	6
31	5	4
32	4	5
33	5	3
34	4	4
35	4	3
36	3	4
37	1	4
38	1	2
39	5	3
40	4	1
41	2	2
42	2	5
43	6	4
44	2	4
45	4	1
46	2	1
47	5	1
48	1	1
1	4	2
2	2	6
3	6	1
4	5	4
5	4	2
6	1	6
7	5	6
8	4	4
9	1	5
10	1	6
11	1	2
12	2	4
13	4	3
14	5	1
15	6	3
16	6	3
17	1	3
18	2	4
19	1	6
20	3	2
21	3	4
22	4	1
23	6	2
24	1	1
1	1	2
2	1	3
3	3	5
4	1	3
5	1	4
6	5	5
7	4	6
8	1	5
9	3	3
10	1	6
11	3	6
12	3	4
13	1	3
14	1	4
15	5	2
16	2	5
17	1	1
1	3	1
2	4	6
3	5	4
4	5	6
5	5	3
6	2	3
7	1	5
8	3	3
9	3	5
10	3	5
11	2	5
12	2	5
13	1	5
14	3	2
15	5	4
16	5	6
17	2	1
18	2	2
19	5	5
20	3	1
21	1	1
1	5	4
2	1	6
3	1	3
4	4	2
5	1	5
6	5	6
7	1	6
8	6	3
9	2	4
10	6	5
11	3	4
12	4	5
13	2	4
14	2	6
15	3	2
16	5	3
17	6	3
18	5	1
19	4	2
20	4	6
21	1	4
22	4	6
23	6	4
24	4	1
25	4	6
26	6	4
27	3	6
28	5	6
29	2	6
30	3	3
31	2	1
32	3	2
33	5	6
34	3	2
35	4	3
36	2	6
37	1	3
38	6	1
39	4	5
40	6	2
41	3	1
42	5	1
43	3	6
44	2	2
45	3	4
46	4	3
47	5	2
48	3	1
49	4	5
50	1	6
51	3	6
52	5	3
53	6	3
54	5	5
55	1	5
56	1	1
1	2	5
2	6	5
3	1	4
4	6	6
5	4	2
6	3	2
7	1	6
8	4	5
9	5	3
10	2	5
11	3	3
12	6	3
13	3	2
14	6	6
15	1	5
16	2	4
17	1	6
18	6	3
19	1	5
20	2	5
21	6	2
22	2	3
23	3	1
24	2	3
25	3	1
26	5	3
27	3	2
28	4	5
29	6	5
30	5	1
31	5	1
32	5	6
33	5	1
34	1	1
1	6	6
2	1	6
3	4	3
4	1	1
1	3	4
2	4	3
3	2	3
4	5	1
5	5	2
6	3	4
7	2	4
8	3	6
9	1	2
10	4	2
11	3	4
12	1	5
13	6	6
14	5	5
15	2	6
16	1	2
17	2	1
18	5	1
19	6	2
20	3	1
21	6	2
22	3	4
23	1	1
1	6	6
2	5	6
3	6	6
4	4	5
5	1	1
1	3	6
2	2	4
3	3	2
4	3	3
5	1	2
6	4	2
7	6	5
8	3	2
9	5	2
10	3	2
11	3	3
12	1	6
13	1	2
14	4	2
15	4	4
16	5	5
17	6	3
18	6	4
19	6	1
20	4	2
21	5	2
22	6	4
23	3	3
24	6	1
25	1	3
26	1	6
27	4	4
28	1	1
1	3	4
2	5	4
3	5	1
4	1	6
5	5	1
6	5	4
7	6	2
8	4	1
9	6	5
10	1	2
11	5	2
12	2	3
13	1	6
14	5	2
15	5	4
16	3	2
17	5	4
18	3	5
19	6	4
20	2	3
21	1	3
22	2	5
23	4	3
24	5	2
25	4	4
26	6	3
27	3	3
28	6	2
29	4	4
30	6	5
31	3	3
32	4	2
33	2	2
34	3	1
35	3	5
36	2	6
37	3	3
38	2	1
39	6	1
40	4	2
41	2	2
42	4	3
43	5	3
44	4	6
45	4	2
46	6	4
47	3	5
48	6	4
49	6	6
50	2	3
51	5	6
52	5	3
53	5	2
54	4	4
55	1	2
56	3	1
57	6	6
58	5	4
59	6	6
60	3	6
61	2	4
62	2	5
63	1	5
64	3	2
65	4	6
66	3	4
67	3	3
68	6	5
69	3	1
70	5	6
71	3	1
72	6	4
73	6	2
74	5	4
75	1	4
76	4	4
77	1	4
78	3	4
79	3	3
80	6	5
81	6	5
82	1	5
83	6	4
84	1	1
1	2	2
2	6	1
3	1	5
4	4	2
5	2	5
6	4	5
7	6	2
8	5	5
9	3	2
10	2	1
11	3	6
12	3	1
13	6	3
14	1	5
15	6	1
16	6	4
17	2	4
18	3	2
19	5	3
20	2	6
21	5	5
22	5	4
23	4	6
24	4	2
25	1	2
26	4	5
27	3	1
28	6	1
29	4	2
30	6	6
31	3	3
32	3	2
33	2	2
34	2	6
35	3	4
36	6	2
37	5	2
38	2	5
39	4	5
40	6	1
41	4	4
42	6	4
43	3	3
44	3	2
45	3	6
46	1	1
1	2	4
2	4	6
3	5	6
4	5	1
5	1	4
6	1	6
7	1	5
8	5	1
9	5	2
10	2	1
11	2	1
12	5	4
13	4	2
14	4	4
15	5	6
16	1	3
17	3	1
18	4	3
19	6	2
20	4	5
21	1	6
22	1	1
1	6	2
2	1	1
1	1	5
2	6	5
3	5	1
4	2	6
5	4	3
6	1	6
7	3	5
8	4	4
9	1	5
10	2	6
11	5	1
12	3	6
13	2	3
14	6	6
15	5	5
16	4	6
17	1	6
18	3	2
19	1	3
20	1	5
21	2	3
22	2	5
23	3	6
24	1	5
25	5	4
26	6	2
27	3	3
28	3	3
29	2	1
30	1	3
31	1	2
32	6	2
33	1	2
34	2	5
35	4	3
36	2	1
37	3	5
38	6	2
39	5	6
40	2	3
41	1	2
42	3	4
43	6	5
44	3	6
45	3	6
46	3	2
47	6	3
48	1	5
49	1	6
50	6	5
51	2	6
52	2	3
53	1	2
54	6	5
55	3	3
56	6	2
57	1	6
58	2	4
59	6	5
60	3	2
61	6	3
62	1	3
63	3	2
64	3	3
65	3	1
66	2	1
67	5	5
68	6	1
69	5	5
70	2	4
71	2	6
72	1	3
73	6	6
74	3	4
75	2	3
76	3	1
77	3	6
78	5	1
79	6	4
80	5	2
81	3	1
82	1	6
83	2	5
84	1	4
85	5	4
86	5	1
87	2	1
88	4	4
89	1	3
90	4	2
91	3	2
92	4	5
93	4	6
94	3	5
95	2	2
96	6	1
97	4	1
98	5	5
99	2	6
100	3	6
101	5	1
102	1	3
103	1	1
1	6	6
2	1	5
3	5	5
4	6	5
5	3	3
6	5	6
7	1	2
8	5	6
9	4	4
10	5	1
11	3	3
12	5	1
13	1	5
14	6	5
15	3	2
16	6	2
17	3	5
18	4	3
19	2	2
20	5	6
21	4	2
22	2	3
23	6	2
24	1	4
25	2	2
26	1	4
27	2	2
28	6	5
29	6	3
30	4	3
31	3	2
32	4	1
33	6	4
34	6	1
35	1	2
36	4	6
37	1	6
38	6	6
39	1	2
40	3	5
41	1	5
42	5	6
43	3	1
44	1	2
45	1	4
46	1	3
47	5	3
48	3	4
49	5	4
50	4	1
51	2	4
52	2	6
53	1	1
1	5	2
2	1	3
3	1	4
4	3	1
5	6	6
6	5	3
7	5	3
8	5	1
9	5	1
10	4	6
11	4	6
12	4	5
13	5	2
14	6	5
15	2	5
16	4	3
17	3	6
18	6	4
19	1	6
20	3	5
21	2	6
22	1	2
23	4	3
24	6	1
25	2	2
26	2	1
27	3	1
28	6	5
29	4	4
30	3	6
31	1	6
32	2	4
33	1	6
34	5	5
35	3	5
36	6	1
37	4	6
38	1	1
1	6	3
2	5	6
3	5	4
4	5	2
5	6	6
6	6	3
7	5	6
8	5	4
9	3	2
10	6	3
11	1	2
12	4	2
13	1	6
14	6	5
15	4	1
16	6	6
17	4	1
18	5	4
19	1	4
20	2	4
21	6	3
22	2	2
23	2	1
24	5	4
25	4	1
26	6	1
27	4	3
28	4	6
29	5	5
30	4	4
31	5	5
32	6	1
33	1	3
34	2	4
35	1	6
36	2	5
37	1	6
38	1	5
39	6	3
40	3	2
41	1	4
42	4	2
43	4	3
44	4	1
45	1	2
46	5	5
47	3	4
48	1	1
1	4	3
2	3	4
3	3	6
4	6	5
5	3	2
6	6	2
7	3	6
8	1	4
9	6	4
10	2	1
11	4	2
12	5	4
13	3	4
14	6	3
15	4	3
16	3	2
17	3	5
18	4	6
19	2	5
20	2	4
21	1	2
22	1	3
23	2	2
24	4	2
25	6	3
26	3	2
27	6	4
28	2	6
29	2	6
30	5	1
31	2	1
32	6	3
33	5	4
34	1	5
35	6	6
36	2	6
37	1	6
38	6	5
39	5	6
40	6	5
41	1	1
1	2	3
2	5	4
3	4	6
4	6	1
5	2	1
6	3	3
7	4	1
8	5	4
9	2	6
10	2	4
11	6	2
12	4	3
13	3	2
14	3	1
15	1	3
16	3	5
17	5	2
18	4	4
19	5	2
20	5	4
21	2	6
22	2	6
23	3	5
24	3	3
25	2	6
26	1	5
27	5	6
28	4	6
29	5	3
30	2	1
31	3	5
32	2	4
33	1	6
34	5	3
35	5	2
36	6	1
37	6	1
38	4	2
39	3	6
40	4	2
41	1	1
1	4	4
2	3	6
3	2	4
4	1	3
5	4	6
6	1	4
7	3	5
8	2	6
9	4	3
10	5	2
11	3	4
12	3	4
13	3	6
14	5	3
15	2	1
16	3	6
17	5	2
18	6	3
19	6	3
20	1	6
21	2	6
22	1	6
23	2	3
24	4	1
25	6	5
26	1	1
1	6	6
2	6	1
3	6	6
4	2	3
5	3	6
6	4	1
7	4	1
8	3	5
9	2	3
10	3	2
11	1	3
12	1	4
13	4	3
14	1	4
15	1	1
1	2	2
2	1	1
1	6	4
2	2	1
3	4	3
4	2	4
5	5	5
6	5	1
7	3	2
8	3	2
9	2	6
10	3	4
11	2	3
12	3	2
13	1	5
14	6	2
15	3	1
16	5	1
17	4	6
18	4	3
19	1	5
20	1	5
21	6	6
22	6	6
23	2	6
24	2	5
25	3	3
26	5	4
27	6	1
28	2	6
29	5	6
30	6	6
31	4	3
32	1	5
33	1	3
34	4	1
35	4	2
36	2	1
37	1	2
38	4	4
39	2	5
40	1	1
1	2	2
2	2	2
3	2	5
4	4	4
5	5	1
6	4	2
7	6	5
8	3	5
9	5	4
10	2	2
11	2	2
12	6	1
13	4	4
14	3	1
15	4	1
16	2	6
17	2	4
18	2	1
19	1	6
20	5	5
21	6	5
22	3	2
23	3	6
24	5	3
25	3	1
26	1	1
1	2	3
2	1	1
1	4	4
2	3	1
3	1	3
4	1	2
5	1	1
1	5	6
2	1	5
3	5	6
4	1	6
5	3	3
6	3	1
7	2	3
8	4	5
9	6	2
10	6	3
11	4	4
12	1	5
13	3	4
14	4	5
15	1	5
16	5	6
17	1	6
18	2	2
19	5	2
20	1	3
21	3	6
22	1	4
23	2	4
24	1	5
25	5	5
26	6	2
27	1	1
1	3	6
2	2	2
3	3	5
4	3	1
5	4	6
6	3	1
7	4	5
8	4	6
9	6	3
10	4	2
11	2	6
12	3	6
13	5	5
14	3	6
15	3	4
16	4	5
17	5	2
18	3	5
19	6	4
20	5	4
21	4	1
22	4	4
23	5	2
24	3	5
25	4	6
26	1	3
27	6	2
28	6	3
29	4	6
30	1	1
1	1	5
2	4	2
3	4	2
4	3	6
5	6	4
6	1	1
1	4	4
2	3	4
3	2	5
4	4	2
5	3	5
6	2	2
7	5	1
8	4	2
9	6	1
10	1	4
11	1	3
12	5	5
13	5	2
14	2	5
15	2	3
16	1	2
17	5	1
18	6	1
19	2	2
20	2	3
21	6	3
22	5	6
23	4	6
24	6	1
25	5	4
26	5	3
27	1	1
1	4	4
2	5	4
3	2	6
4	3	5
5	1	3
6	6	2
7	6	1
8	5	6
9	6	6
10	4	6
11	1	1
1	3	6
2	1	3
3	5	3
4	5	6
5	5	5
6	2	6
7	2	6
8	4	6
9	3	2
10	1	1
1	3	1
2	2	6
3	1	5
4	4	1
5	2	6
6	5	3
7	6	6
8	1	2
9	4	6
10	5	5
11	2	3
12	5	3
13	4	3
14	1	3
15	4	1
16	4	6
17	6	5
18	3	2
19	6	2
20	1	3
21	2	1
22	3	3
23	3	6
24	6	6
25	4	1
26	4	6
27	1	6
28	3	2
29	3	4
30	2	3
31	4	6
32	6	3
33	6	6
34	5	4
35	4	2
36	5	5
37	2	1
38	3	5
39	4	1
40	3	3
41	5	4
42	2	3
43	2	3
44	4	3
45	1	3
46	6	1
47	4	2
48	3	4
49	5	5
50	3	1
51	1	1
1	1	6
2	2	4
3	2	6
4	6	6
5	5	5
6	1	4
7	1	6
8	4	6
9	1	4
10	2	5
11	3	5
12	4	4
13	6	6
14	6	2
15	6	6
16	1	1
1	5	3
2	4	3
3	6	5
4	3	4
5	6	4
6	2	2
7	5	5
8	1	5
9	5	2
10	5	5
11	6	1
12	3	2
13	6	1
14	6	2
15	1	3
16	2	6
17	4	4
18	2	2
19	6	5
20	2	4
21	4	4
22	1	1
1	1	3
2	3	6
3	5	3
4	4	6
5	2	3
6	4	3
7	3	4
8	3	5
9	5	5
10	2	1
11	4	4
12	3	2
13	4	4
14	6	3
15	6	5
16	1	2
17	5	6
18	1	1
1	4	4
2	6	3
3	4	6
4	2	1
5	2	2
6	2	3
7	5	1
8	4	5
9	1	4
10	2	4
11	1	6
12	2	5
13	4	2
14	1	4
15	3	2
16	1	5
17	5	5
18	1	2
19	5	2
20	4	4
21	2	3
22	1	5
23	5	1
24	6	6
25	3	2
26	4	3
27	4	6
28	2	6
29	4	1
30	1	1
1	1	2
2	3	6
3	4	6
4	2	6
5	4	5
6	1	4
7	2	6
8	1	6
9	4	3
10	4	5
11	1	1
1	6	3
2	4	3
3	3	6
4	3	5
5	4	1
6	3	2
7	1	6
8	3	6
9	6	2
10	2	5
11	3	3
12	1	2
13	3	3
14	6	4
15	3	2
16	4	4
17	3	2
18	5	6
19	6	5
20	1	3
21	4	6
22	3	1
23	1	5
24	1	1
1	6	3
2	2	5
3	1	1
1	2	3
2	1	4
3	2	6
4	4	2
5	6	5
6	2	1
7	2	5
8	2	4
9	6	1
10	6	6
11	4	5
12	4	1
13	5	2
14	5	1
15	1	3
16	6	1
17	1	4
18	4	6
19	5	4
20	4	5
21	5	1
22	2	5
23	1	1
1	3	2
2	1	4
3	1	1
1	4	4
2	4	3
3	5	1
4	2	3
5	2	4
6	2	5
7	3	5
8	5	5
9	5	1
10	2	5
11	3	2
12	4	5
13	4	3
14	2	6
15	2	3
16	4	1
17	5	3
18	2	3
19	3	1
20	1	6
21	3	4
22	1	6
23	3	6
24	2	1
25	2	1
26	1	6
27	2	3
28	5	6
29	3	5
30	1	2
31	5	2
32	3	6
33	6	3
34	3	5
35	1	6
36	1	3
37	3	5
38	3	5
39	6	3
40	6	3
41	2	5
42	4	2
43	6	1
44	3	1
45	1	5
46	5	3
47	3	6
48	6	2
49	2	1
50	4	4
51	1	5
52	4	3
53	4	4
54	4	1
55	1	4
56	2	4
57	5	2
58	6	6
59	6	6
60	1	4
61	4	6
62	2	6
63	5	4
64	3	2
65	5	1
66	4	1
67	2	6
68	6	5
69	1	2
70	3	4
71	6	1
72	1	5
73	5	2
74	6	4
75	2	2
76	1	4
77	2	4
78	2	3
79	3	2
80	4	3
81	3	4
82	6	3
83	4	5
84	3	1
85	6	4
86	1	1
1	1	2
2	5	4
3	2	6
4	6	6
5	6	4
6	6	4
7	1	1
1	4	6
2	1	4
3	3	3
4	4	5
5	2	5
6	5	2
7	4	3
8	1	6
9	6	3
10	5	4
11	2	2
12	4	5
13	2	6
14	1	6
15	1	3
16	4	2
17	1	1
1	2	6
2	1	6
3	2	2
4	2	6
5	5	6
6	4	4
7	2	5
8	3	1
9	4	4
10	1	3
11	2	4
12	2	2
13	5	3
14	5	5
15	5	1
16	3	3
17	6	5
18	4	3
19	4	6
20	2	6
21	1	4
22	2	3
23	6	1
24	3	4
25	2	6
26	4	3
27	1	5
28	3	3
29	2	4
30	2	3
31	4	3
32	3	5
33	3	3
34	4	2
35	6	6
36	1	1
1	6	4
2	4	2
3	2	1
4	4	1
5	1	3
6	3	4
7	6	4
8	2	3
9	6	5
10	5	6
11	4	5
12	5	4
13	6	3
14	2	1
15	5	3
16	6	6
17	4	4
18	3	3
19	5	3
20	3	2
21	6	3
22	1	3
23	1	2
24	2	5
25	4	1
26	6	1
27	6	5
28	6	4
29	3	2
30	3	1
31	5	5
32	5	4
33	3	3
34	1	4
35	1	3
36	1	1
1	2	5
2	5	5
3	5	3
4	3	1
5	4	5
6	1	4
7	2	2
8	1	2
9	4	6
10	1	6
11	5	5
12	1	4
13	3	3
14	3	3
15	6	5
16	3	4
17	2	5
18	5	2
19	5	2
20	6	1
21	3	2
22	4	2
23	2	5
24	1	6
25	3	5
26	5	1
27	5	6
28	2	4
29	6	3
30	5	6
31	1	4
32	4	4
33	3	4
34	5	4
35	2	6
36	4	4
37	6	3
38	4	3
39	1	6
40	5	1
41	2	1
42	6	5
43	6	3
44	4	3
45	3	6
46	6	6
47	1	6
48	5	5
49	5	6
50	5	3
51	4	2
52	4	4
53	3	2
54	4	4
55	4	5
56	4	1
57	4	6
58	5	5
59	6	4
60	5	1
61	6	1
62	2	5
63	6	1
64	1	4
65	3	4
66	1	6
67	1	6
68	2	1
69	6	4
70	1	2
71	5	3
72	1	6
73	5	1
74	3	4
75	5	3
76	1	4
77	1	4
78	3	3
79	6	4
80	6	1
81	5	5
82	4	6
83	2	2
84	5	6
85	2	5
86	2	2
87	2	6
88	4	5
89	1	2
90	2	2
91	1	2
92	5	1
93	1	4
94	1	3
95	1	6
96	2	1
97	5	4
98	5	5
99	4	5
100	6	1
101	6	4
102	6	2
103	4	2
104	5	2
105	1	2
106	6	2
107	1	6
108	4	1
109	5	2
110	4	5
111	6	1
112	5	5
113	1	5
114	3	5
115	2	5
116	3	2
117	1	6
118	1	5
119	2	1
120	3	5
121	4	5
122	2	6
123	4	6
124	6	2
125	2	3
126	1	2
127	5	3
128	6	2
129	2	1
130	3	5
131	6	5
132	2	6
133	2	5
134	6	3
135	4	2
136	3	1
137	5	6
138	5	1
139	3	1
140	4	3
141	6	2
142	2	4
143	5	5
144	3	3
145	1	4
146	5	1
147	1	3
148	6	6
149	2	3
150	4	6
151	2	3
152	5	4
153	6	2
154	4	5
155	4	6
156	1	5
157	6	4
158	2	4
159	3	2
160	4	4
161	3	5
162	6	5
163	6	5
164	4	5
165	3	6
166	3	2
167	3	5
168	4	3
169	3	4
170	4	3
171	6	1
172	5	5
173	4	5
174	5	3
175	4	6
176	1	4
177	5	1
178	3	1
179	2	2
180	1	4
181	3	1
182	1	4
183	6	4
184	5	4
185	6	6
186	6	5
187	1	5
188	6	3
189	2	3
190	2	4
191	2	2
192	5	6
193	1	4
194	4	3
195	4	4
196	4	6
197	5	1
198	4	3
199	5	6
200	6	3
201	2	5
202	2	2
203	3	4
204	1	4
205	6	5
206	3	5
207	1	2
208	3	1
209	5	3
210	4	5
211	4	6
212	1	5
213	3	3
214	4	4
215	5	2
216	6	4
217	3	2
218	1	3
219	1	2
220	4	4
221	6	1
222	3	4
223	5	3
224	1	1
1	4	2
2	6	4
3	5	3
4	2	6
5	2	6
6	3	4
7	6	1
8	4	4
9	1	6
10	6	3
11	1	6
12	6	4
13	4	3
14	4	3
15	2	2
16	1	2
17	5	6
18	1	2
19	5	1
20	3	1
21	3	1
22	2	1
23	5	1
24	1	5
25	4	2
26	1	6
27	5	3
28	3	3
29	5	6
30	4	1
31	5	5
32	3	3
33	3	3
34	3	3
35	5	2
36	6	5
37	6	6
38	1	3
39	2	5
40	5	2
41	3	2
42	2	5
43	6	1
44	3	6
45	5	1
46	3	3
47	5	4
48	1	3
49	1	2
50	5	6
51	2	2
52	4	3
53	4	2
54	6	6
55	2	3
56	4	2
57	2	6
58	2	1
59	1	5
60	1	5
61	3	6
62	6	4
63	6	3
64	5	4
65	3	5
66	1	4
67	3	2
68	4	4
69	3	1
70	5	6
71	6	6
72	6	1
73	5	4
74	2	1
75	2	1
76	3	6
77	4	2
78	2	3
79	1	5
80	2	2
81	1	6
82	4	2
83	6	4
84	4	1
85	2	1
86	2	1
87	5	2
88	4	3
89	3	1
90	2	3
91	2	6
92	5	5
93	4	2
94	5	2
95	2	5
96	6	2
97	3	1
98	6	2
99	2	1
100	1	1
1	2	6
2	4	2
3	2	1
4	2	5
5	4	6
6	2	2
7	4	3
8	1	3
9	5	1
10	6	1
11	6	6
12	3	3
13	4	5
14	2	5
15	3	1
16	6	2
17	3	1
18	4	2
19	6	4
20	3	3
21	4	5
22	3	1
23	1	1
1	1	5
2	4	2
3	6	5
4	5	5
5	1	2
6	1	5
7	3	1
8	5	1
9	6	6
10	6	1
11	3	1
12	1	5
13	4	1
14	2	3
15	5	5
16	5	5
17	5	2
18	4	1
19	2	5
20	2	6
21	4	1
22	2	2
23	4	2
24	2	5
25	4	2
26	5	4
27	2	5
28	2	6
29	3	5
30	6	3
31	6	4
32	1	6
33	4	2
34	4	4
35	4	3
36	5	6
37	5	4
38	1	6
39	2	5
40	6	3
41	1	2
42	3	6
43	3	2
44	2	1
45	3	2
46	1	4
47	6	3
48	5	3
49	5	2
50	5	2
51	5	4
52	6	4
53	3	5
54	1	1
1	2	4
2	3	3
3	4	1
4	2	3
5	2	3
6	6	1
7	4	1
8	6	5
9	5	2
10	1	1
1	1	3
2	1	2
3	4	5
4	4	6
5	6	5
6	4	4
7	6	1
8	6	3
9	4	3
10	4	3
11	4	4
12	2	6
13	2	2
14	4	6
15	4	3
16	1	2
17	4	1
18	3	5
19	5	1
20	3	4
21	5	3
22	4	2
23	5	5
24	2	3
25	4	5
26	2	1
27	2	6
28	3	1
29	6	1
30	1	6
31	5	2
32	3	3
33	6	4
34	5	1
35	4	5
36	2	3
37	1	6
38	4	1
39	6	4
40	3	1
41	1	6
42	4	2
43	1	2
44	5	2
45	5	2
46	2	4
47	6	5
48	5	6
49	4	1
50	1	1
1	1	6
2	4	3
3	6	3
4	4	5
5	3	2
6	1	5
7	2	4
8	6	2
9	4	5
10	5	2
11	2	1
12	2	3
13	2	3
14	5	5
15	2	1
16	4	3
17	5	6
18	1	6
19	1	3
20	6	5
21	6	3
22	5	1
23	5	3
24	5	3
25	4	4
26	2	3
27	3	2
28	4	1
29	3	1
30	6	4
31	3	2
32	3	2
33	5	5
34	2	6
35	5	1
36	1	1
1	5	1
2	3	4
3	6	4
4	2	1
5	4	3
6	3	4
7	3	4
8	1	4
9	4	1
10	1	2
11	1	6
12	3	6
13	2	6
14	2	3
15	3	3
16	1	1
1	3	2
2	1	4
3	1	1
1	4	4
2	6	6
3	1	6
4	1	5
5	5	4
6	5	2
7	1	5
8	1	5
9	3	3
10	5	1
11	6	2
12	1	6
13	1	1
1	6	3
2	1	6
3	5	2
4	4	2
5	5	1
6	5	2
7	1	2
8	6	4
9	5	1
10	5	2
11	5	4
12	2	5
13	3	3
14	2	3
15	6	5
16	2	2
17	2	2
18	6	3
19	1	6
20	6	1
21	2	5
22	1	3
23	3	2
24	6	3
25	6	4
26	4	1
27	1	4
28	2	2
29	3	5
30	3	6
31	6	1
32	3	5
33	6	3
34	3	4
35	6	4
36	5	5
37	1	6
38	6	4
39	5	3
40	3	4
41	4	1
42	4	3
43	6	3
44	5	6
45	6	5
46	6	5
47	3	5
48	3	6
49	3	6
50	3	3
51	4	6
52	1	2
53	4	6
54	5	3
55	2	6
56	6	6
57	4	4
58	3	3
59	1	6
60	3	5
61	6	5
62	2	2
63	4	6
64	4	3
65	4	4
66	4	2
67	1	5
68	6	4
69	4	2
70	5	2
71	2	4
72	4	1
73	2	5
74	6	1
75	1	2
76	3	2
77	1	1
1	2	2
2	6	6
3	4	3
4	4	2
5	4	5
6	5	5
7	3	5
8	2	3
9	4	2
10	4	1
11	6	1
12	5	2
13	2	4
14	4	2
15	3	6
16	1	6
17	4	5
18	3	4
19	5	3
20	2	4
21	5	1
22	6	6
23	6	5
24	2	2
25	6	6
26	1	4
27	3	1
28	3	6
29	4	5
30	5	1
31	2	6
32	4	1
33	2	3
34	2	2
35	6	1
36	3	6
37	3	1
38	6	4
39	4	1
40	4	1
41	4	3
42	6	1
43	2	1
44	3	3
45	3	2
46	6	1
47	6	6
48	1	2
49	1	4
50	3	4
51	2	6
52	3	2
53	1	4
54	2	2
55	6	5
56	1	4
57	5	4
58	3	1
59	1	1
1	6	6
2	6	3
3	3	1
4	2	4
5	1	1
1	4	3
2	4	3
3	3	2
4	6	6
5	2	4
6	1	3
7	2	6
8	5	2
9	4	2
10	2	3
11	6	4
12	6	3
13	4	3
14	4	3
15	5	6
16	1	2
17	3	1
18	6	5
19	3	3
20	5	6
21	5	1
22	1	4
23	1	5
24	1	2
25	6	4
26	1	5
27	6	5
28	2	1
29	4	2
30	6	1
31	5	6
32	1	1
1	1	6
2	2	6
3	2	3
4	3	5
5	1	1
1	2	5
2	2	1
3	5	1
4	6	5
5	6	1
6	2	3
7	5	6
8	5	3
9	3	1
10	3	1
11	3	6
12	6	2
13	1	6
14	2	5
15	3	2
16	5	6
17	2	4
18	6	4
19	5	3
20	2	1
21	3	4
22	4	3
23	3	5
24	6	6
25	6	2
26	1	5
27	1	5
28	6	1
29	5	1
30	1	2
31	4	3
32	3	2
33	3	3
34	3	5
35	6	2
36	1	3
37	1	3
38	2	3
39	4	3
40	3	5
41	3	5
42	6	5
43	3	5
44	5	2
45	3	6
46	4	6
47	3	1
48	1	5
49	5	6
50	1	2
51	6	4
52	2	6
53	6	3
54	4	6
55	6	3
56	2	6
57	2	1
58	6	1
59	3	6
60	5	3
61	5	4
62	3	2
63	3	6
64	4	1
65	5	3
66	1	2
67	4	1
68	4	6
69	5	5
70	1	3
71	1	3
72	6	3
73	4	6
74	2	6
75	6	3
76	1	3
77	2	4
78	1	2
79	5	5
80	4	1
81	1	1
1	1	6
2	6	6
3	2	6
4	5	1
5	6	4
6	5	4
7	6	2
8	3	4
9	6	6
10	1	6
11	6	6
12	6	5
13	6	3
14	6	6
15	1	6
16	4	3
17	2	1
18	3	2
19	1	3
20	5	3
21	4	5
22	5	1
23	3	4
24	6	5
25	6	5
26	5	4
27	5	6
28	6	5
29	2	2
30	4	5
31	6	2
32	4	2
33	5	1
34	1	2
35	1	2
36	2	3
37	5	3
38	6	5
39	5	2
40	5	3
41	6	2
42	4	3
43	2	4
44	6	5
45	4	4
46	4	6
47	4	1
48	4	5
49	2	5
50	3	3
51	3	2
52	2	2
53	2	4
54	2	4
55	4	6
56	3	2
57	3	4
58	2	3
59	6	2
60	1	6
61	4	1
62	4	3
63	6	4
64	1	4
65	5	2
66	3	4
67	1	2
68	4	2
69	1	4
70	1	1
1	2	6
2	6	4
3	2	4
4	5	3
5	5	1
6	2	4
7	3	3
8	5	4
9	5	2
10	6	4
11	5	5
12	6	4
13	1	4
14	1	6
15	3	2
16	4	6
17	6	4
18	4	4
19	5	6
20	2	6
21	1	4
22	4	6
23	4	4
24	4	2
25	6	1
26	5	5
27	6	1
28	6	3
29	6	3
30	4	2
31	1	2
32	6	5
33	3	2
34	1	3
35	4	1
36	6	4
37	5	5
38	4	5
39	2	6
40	2	3
41	3	4
42	5	3
43	4	3
44	2	3
45	1	6
46	4	3
47	4	3
48	4	6
49	6	6
50	6	3
51	4	3
52	2	5
53	6	4
54	3	5
55	1	5
56	5	5
57	5	3
58	4	4
59	6	4
60	5	4
61	4	6
62	6	5
63	1	3
64	3	2
65	6	5
66	6	4
67	3	3
68	5	1
69	4	6
70	2	4
71	4	4
72	1	4
73	2	5
74	1	2
75	2	5
76	1	1
1	1	5
2	4	5
3	2	2
4	4	1
5	5	2
6	2	6
7	3	4
8	6	2
9	4	2
10	6	3
11	1	2
12	5	1
13	4	4
14	6	6
15	1	2
16	5	4
17	4	5
18	1	4
19	3	4
20	6	3
21	6	1
22	4	1
23	1	6
24	6	2
25	3	3
26	1	3
27	5	3
28	3	1
29	2	6
30	3	2
31	3	3
32	6	2
33	6	5
34	1	6
35	1	3
36	5	2
37	5	6
38	3	2
39	4	1
40	6	6
41	5	4
42	4	5
43	3	5
44	6	1
45	2	1
46	4	2
47	4	5
48	5	6
49	3	1
50	1	3
51	6	4
52	2	2
53	1	1
1	4	6
2	1	4
3	6	6
4	1	5
5	2	5
6	5	3
7	1	2
8	5	3
9	2	1
10	1	3
11	4	5
12	3	4
13	4	1
14	1	4
15	4	2
16	2	4
17	5	2
18	6	3
19	3	2
20	1	1
1	1	1
1	1	5
2	2	1
3	5	2
4	4	3
5	3	1
6	2	2
7	3	2
8	2	6
9	4	3
10	3	2
11	4	1
12	3	1
13	3	1
14	1	2
15	3	5
16	6	1
17	2	5
18	1	3
19	3	1
20	5	1
21	5	2
22	4	2
23	3	4
24	5	6
25	3	2
26	4	5
27	1	6
28	4	2
29	6	5
30	2	1
31	6	3
32	3	2
33	3	6
34	2	5
35	1	6
36	3	3
37	2	2
38	6	4
39	4	5
40	3	4
41	4	4
42	1	5
43	3	5
44	5	2
45	6	6
46	4	4
47	5	1
48	4	5
49	4	5
50	2	4
51	3	5
52	4	5
53	3	6
54	3	5
55	4	5
56	3	1
57	6	2
58	6	5
59	6	6
60	3	2
61	2	1
62	1	2
63	6	6
64	5	4
65	1	1
1	2	1
2	4	2
3	1	4
4	2	6
5	3	5
6	2	5
7	2	1
8	2	3
9	3	1
10	6	3
11	5	5
12	5	3
13	2	3
14	6	2
15	6	2
16	5	2
17	3	5
18	4	5
19	4	6
20	6	4
21	5	4
22	3	6
23	6	5
24	5	2
25	4	3
26	3	4
27	4	2
28	4	3
29	5	1
30	6	3
31	6	1
32	5	4
33	3	5
34	1	1
1	5	4
2	3	4
3	4	3
4	6	2
5	2	1
6	3	4
7	3	4
8	3	4
9	5	2
10	4	4
11	1	2
12	5	6
13	5	3
14	1	4
15	5	6
16	1	2
17	3	2
18	3	6
19	6	2
20	4	5
21	2	4
22	3	6
23	2	6
24	5	4
25	1	4
26	4	4
27	4	4
28	2	5
29	2	4
30	5	1
31	5	5
32	6	5
33	2	4
34	1	2
35	4	3
36	2	6
37	3	2
38	1	6
39	5	4
40	6	3
41	5	2
42	3	1
43	5	6
44	2	2
45	1	2
46	1	1
1	1	3
2	4	3
3	4	6
4	5	1
5	3	3
6	3	1
7	6	4
8	6	6
9	1	6
10	1	2
11	1	4
12	4	6
13	6	3
14	3	5
15	6	4
16	4	5
17	5	1
18	3	6
19	2	3
20	2	5
21	3	6
22	6	3
23	4	1
24	5	4
25	6	3
26	1	4
27	6	6
28	2	3
29	6	2
30	4	2
31	3	2
32	2	5
33	5	6
34	4	6
35	2	5
36	3	3
37	3	2
38	4	3
39	6	5
40	2	3
41	6	6
42	4	3
43	1	4
44	6	3
45	1	3
46	4	3
47	4	4
48	6	1
49	5	1
50	5	5
51	3	4
52	3	1
53	2	6
54	5	1
55	6	2
56	5	2
57	3	4
58	2	5
59	4	4
60	1	3
61	4	3
62	5	6
63	3	3
64	2	5
65	3	6
66	2	6
67	5	2
68	3	1
69	3	5
70	2	6
71	3	6
72	2	4
73	2	5
74	4	5
75	2	6
76	6	3
77	4	6
78	1	6
79	6	1
80	5	6
81	1	5
82	2	2
83	3	2
84	5	3
85	5	6
86	4	1
87	1	4
88	3	6
89	4	3
90	2	5
91	2	2
92	6	6
93	2	2
94	3	4
95	2	4
96	4	3
97	4	1
98	6	5
99	6	2
100	1	5
101	2	2
102	6	3
103	6	6
104	2	6
105	2	3
106	6	5
107	4	1
108	1	2
109	4	1
110	4	2
111	5	4
112	3	3
113	2	4
114	5	5
115	6	3
116	4	5
117	5	1
118	6	5
119	3	5
120	1	2
121	3	5
122	2	5
123	1	6
124	5	2
125	3	3
126	6	1
127	2	4
128	2	6
129	4	3
130	2	3
131	5	6
132	4	1
133	5	3
134	1	2
135	2	3
136	1	3
137	1	6
138	2	2
139	2	5
140	6	1
141	1	5
142	3	1
143	6	1
144	1	5
145	4	3
146	3	6
147	6	6
148	5	1
149	5	6
150	1	3
151	2	5
152	5	6
153	1	1
1	1	6
2	4	3
3	6	5
4	5	2
5	5	1
6	6	5
7	2	1
8	4	4
9	4	3
10	3	5
11	6	6
12	2	6
13	6	4
14	1	4
15	1	2
16	6	3
17	3	1
18	6	1
19	2	2
20	2	3
21	6	3
22	6	5
23	6	1
24	4	4
25	5	2
26	4	6
27	5	1
28	5	2
29	4	4
30	3	6
31	3	3
32	6	4
33	6	2
34	1	3
35	2	6
36	2	4
37	6	5
38	2	4
39	3	5
40	4	3
41	3	1
42	1	6
43	1	6
44	1	6
45	1	6
46	5	2
47	5	6
48	1	5
49	1	1
1	2	4
2	2	1
3	2	5
4	4	6
5	2	4
6	3	5
7	4	2
8	6	4
9	1	5
10	6	2
11	4	2
12	5	6
13	5	6
14	6	1
15	3	1
16	2	2
17	4	1
18	1	6
19	3	5
20	6	6
21	3	6
22	6	2
23	3	6
24	1	2
25	2	1
26	5	3
27	2	4
28	1	2
29	5	1
30	3	2
31	2	2
32	3	1
33	3	5
34	3	1
35	4	1
36	4	6
37	4	1
38	3	4
39	6	2
40	6	6
41	2	6
42	5	3
43	4	3
44	6	2
45	2	6
46	5	6
47	1	2
48	3	3
49	1	6
50	1	4
51	6	6
52	6	2
53	5	4
54	1	6
55	2	6
56	6	1
57	2	2
58	1	2
59	4	3
60	2	4
61	2	1
62	3	4
63	1	2
64	1	1
1	5	2
2	6	6
3	5	1
4	2	1
5	4	3
6	1	5
7	6	3
8	5	6
9	4	5
10	3	5
11	2	6
12	3	2
13	5	4
14	3	5
15	6	6
16	6	5
17	6	3
18	5	2
19	2	3
20	1	2
21	1	1
1	1	6
2	2	1
3	1	5
4	2	1
5	6	3
6	1	2
7	1	1
1	1	2
2	3	6
3	6	5
4	1	3
5	2	2
6	4	6
7	1	1
1	2	2
2	1	5
3	3	3
4	1	1
1	5	3
2	1	6
3	6	5
4	3	6
5	4	1
6	5	2
7	6	5
8	6	3
9	1	6
10	2	4
11	5	4
12	5	6
13	2	6
14	5	1
15	4	1
16	4	6
17	6	2
18	2	6
19	6	3
20	1	3
21	3	3
22	6	2
23	1	3
24	2	1
25	2	3
26	3	5
27	1	5
28	6	3
29	5	1
30	6	3
31	4	4
32	6	2
33	3	1
34	4	4
35	2	4
36	4	4
37	3	2
38	2	1
39	6	1
40	1	1
1	2	4
2	1	2
3	6	1
4	4	1
5	3	2
6	2	6
7	6	5
8	3	6
9	4	5
10	4	3
11	5	3
12	3	2
13	2	5
14	1	5
15	3	6
16	5	2
17	2	6
18	3	1
19	4	6
20	2	6
21	1	2
22	4	5
23	2	6
24	2	2
25	4	1
26	1	3
27	2	3
28	1	6
29	1	6
30	2	5
31	1	5
32	2	4
33	1	5
34	6	2
35	1	5
36	2	5
37	1	6
38	4	1
39	2	3
40	2	5
41	6	3
42	6	5
43	2	4
44	6	5
45	4	3
46	6	3
47	6	4
48	2	4
49	1	6
50	6	6
51	6	2
52	5	3
53	6	5
54	2	6
55	4	2
56	6	1
57	3	4
58	6	4
59	3	6
60	1	2
61	4	3
62	6	1
63	2	2
64	5	5
65	3	3
66	4	4
67	1	4
68	2	6
69	3	2
70	3	5
71	5	4
72	3	2
73	1	6
74	5	2
75	4	4
76	6	2
77	6	6
78	2	6
79	2	6
80	5	4
81	6	6
82	2	2
83	3	2
84	5	5
85	2	5
86	3	1
87	1	2
88	5	1
89	1	3
90	1	5
91	6	6
92	3	3
93	2	1
94	1	2
95	6	5
96	1	1
1	5	2
2	4	5
3	5	3
4	6	6
5	3	5
6	2	2
7	3	6
8	5	4
9	6	5
10	2	4
11	6	4
12	5	6
13	3	3
14	5	6
15	2	6
16	3	2
17	2	1
18	3	2
19	5	3
20	3	6
21	6	2
22	4	1
23	6	1
24	3	6
25	5	3
26	1	4
27	1	3
28	2	6
29	1	4
30	4	6
31	2	2
32	1	4
33	6	6
34	1	1
1	4	2
2	5	6
3	2	6
4	2	3
5	4	3
6	5	6
7	5	1
8	2	4
9	6	5
10	5	5
11	6	5
12	6	6
13	5	5
14	6	3
15	4	5
16	2	1
17	6	3
18	1	1
1	2	3
2	4	2
3	6	1
4	5	3
5	5	1
6	6	6
7	5	5
8	3	5
9	1	1
1	2	2
2	1	6
3	4	6
4	6	4
5	4	4
6	5	4
7	3	5
8	3	5
9	6	3
10	2	2
11	6	1
12	6	1
13	5	3
14	2	4
15	3	3
16	6	3
17	2	4
18	4	3
19	3	5
20	5	6
21	4	6
22	2	2
23	3	1
24	1	6
25	6	5
26	4	3
27	3	3
28	3	1
29	6	6
30	6	2
31	6	1
32	1	2
33	5	6
34	6	6
35	6	2
36	3	4
37	2	3
38	6	5
39	6	4
40	3	6
41	6	3
42	3	3
43	1	4
44	6	6
45	4	3
46	6	2
47	1	4
48	1	5
49	2	1
50	5	2
51	6	4
52	5	6
53	6	4
54	2	3
55	5	6
56	3	4
57	4	5
58	4	4
59	2	5
60	6	5
61	6	4
62	6	2
63	6	3
64	5	5
65	1	5
66	2	2
67	2	1
68	1	6
69	4	4
70	2	4
71	6	1
72	6	1
73	5	6
74	5	1
75	3	4
76	2	4
77	6	5
78	1	1
1	5	4
2	6	5
3	3	1
4	2	4
5	1	5
6	2	4
7	5	4
8	4	2
9	2	2
10	5	3
11	6	1
12	2	3
13	3	5
14	3	6
15	2	2
16	1	2
17	3	1
18	2	1
19	5	6
20	2	5
21	1	2
22	5	1
23	2	4
24	6	6
25	3	4
26	4	2
27	5	4
28	6	4
29	2	4
30	4	3
31	2	2
32	3	5
33	2	3
34	4	6
35	4	6
36	2	1
37	5	2
38	6	2
39	4	4
40	4	3
41	6	1
42	2	5
43	1	3
44	6	2
45	5	5
46	4	3
47	3	4
48	4	6
49	1	6
50	5	4
51	5	5
52	2	2
53	3	3
54	1	5
55	1	6
56	2	3
57	2	2
58	1	6
59	2	2
60	4	3
61	6	5
62	5	2
63	2	1
64	4	6
65	2	5
66	2	6
67	4	3
68	5	6
69	6	2
70	5	3
71	1	3
72	5	6
73	6	4
74	1	1
1	6	4
2	1	3
3	2	1
4	6	3
5	5	3
6	1	4
7	1	6
8	1	1
1	2	3
2	4	1
3	4	2
4	4	2
5	2	2
6	1	6
7	3	4
8	1	2
9	5	6
10	6	2
11	6	2
12	1	3
13	2	3
14	1	6
15	5	4
16	4	3
17	3	3
18	3	4
19	4	2
20	3	6
21	1	2
22	3	2
23	1	6
24	1	4
25	3	6
26	6	1
27	4	4
28	3	5
29	6	1
30	5	6
31	6	2
32	3	6
33	1	5
34	5	1
35	4	2
36	2	6
37	5	2
38	4	6
39	4	1
40	5	3
41	1	2
42	5	5
43	6	1
44	4	5
45	2	5
46	5	3
47	5	3
48	3	5
49	6	3
50	5	5
51	1	3
52	4	2
53	6	3
54	3	1
55	1	2
56	1	6
57	6	5
58	5	5
59	1	6
60	2	2
61	4	5
62	4	4
63	5	4
64	2	5
65	6	5
66	5	1
67	1	2
68	6	6
69	5	1
70	4	1
71	3	5
72	6	2
73	2	6
74	5	5
75	1	4
76	2	2
77	4	2
78	2	3
79	3	6
80	2	5
81	1	4
82	3	6
83	6	6
84	6	5
85	2	3
86	6	5
87	4	1
88	4	4
89	2	5
90	5	1
91	5	1
92	5	6
93	5	4
94	6	1
95	4	2
96	6	4
97	2	3
98	3	5
99	6	1
100	6	4
101	2	3
102	1	4
103	3	3
104	4	3
105	3	1
106	2	1
107	3	3
108	5	6
109	3	1
110	3	6
111	4	4
112	5	4
113	6	2
114	4	3
115	4	1
116	2	5
117	5	4
118	6	3
119	1	3
120	6	2
121	2	4
122	5	4
123	1	6
124	4	1
125	2	6
126	4	1
127	2	1
128	6	5
129	5	2
130	5	2
131	2	6
132	1	6
133	4	6
134	5	4
135	2	6
136	2	3
137	3	1
138	3	5
139	3	5
140	3	2
141	5	1
142	4	2
143	3	2
144	4	5
145	2	1
146	2	2
147	1	1
1	2	5
2	1	3
3	3	6
4	4	2
5	1	5
6	5	4
7	4	5
8	6	1
9	6	2
10	6	6
11	2	4
12	4	1
13	3	4
14	1	2
15	3	3
16	2	2
17	4	6
18	1	4
19	4	4
20	5	1
21	1	5
22	4	6
23	4	5
24	4	3
25	5	4
26	4	3
27	1	6
28	4	1
29	6	1
30	1	1
1	2	3
2	3	5
3	2	5
4	2	6
5	2	4
6	2	5
7	5	5
8	6	4
9	5	1
10	6	4
11	2	6
12	1	2
13	4	6
14	5	6
15	3	1
16	6	5
17	4	2
18	2	3
19	6	4
20	5	6
21	4	1
22	2	3
23	3	3
24	5	1
25	3	1
26	3	1
27	3	2
28	2	5
29	3	4
30	1	4
31	6	1
32	4	6
33	3	2
34	4	5
35	4	5
36	2	3
37	4	4
38	1	6
39	2	4
40	3	5
41	2	2
42	1	2
43	2	5
44	3	2
45	6	3
46	1	4
47	1	6
48	1	5
49	4	5
50	3	1
51	3	1
52	6	5
53	2	1
54	3	4
55	5	2
56	4	3
57	6	1
58	1	6
59	2	6
60	4	4
61	2	5
62	6	2
63	5	4
64	4	5
65	2	2
66	5	2
67	5	5
68	4	4
69	6	3
70	6	2
71	1	4
72	2	4
73	5	6
74	3	5
75	4	4
76	2	3
77	1	2
78	3	1
79	1	2
80	3	5
81	5	6
82	4	2
83	1	6
84	2	5
85	6	6
86	6	4
87	3	4
88	1	2
89	3	4
90	6	2
91	4	5
92	2	2
93	3	3
94	1	2
95	3	2
96	1	6
97	1	3
98	3	6
99	1	3
100	6	3
101	4	6
102	5	1
103	4	4
104	3	1
105	6	3
106	2	6
107	3	6
108	5	4
109	6	3
110	1	4
111	3	5
112	2	5
113	3	4
114	3	2
115	2	2
116	4	1
117	2	4
118	1	6
119	4	3
120	3	5
121	5	3
122	2	5
123	3	4
124	5	5
125	5	1
126	1	3
127	4	2
128	1	4
129	6	5
130	4	1
131	4	5
132	6	3
133	4	5
134	2	3
135	4	5
136	6	6
137	5	1
138	1	6
139	2	1
140	2	4
141	6	6
142	1	4
143	4	4
144	4	5
145	2	2
146	6	3
147	6	3
148	6	2
149	1	4
150	5	1
151	4	1
152	4	1
153	3	4
154	4	6
155	5	2
156	6	3
157	4	3
158	4	1
159	2	3
160	4	1
161	4	2
162	1	3
163	2	4
164	5	4
165	4	3
166	6	6
167	3	2
168	2	2
169	1	1
1	3	5
2	2	4
3	1	4
4	5	2
5	4	3
6	5	6
7	2	1
8	4	5
9	3	2
10	6	5
11	5	1
12	3	5
13	2	5
14	3	6
15	5	2
16	6	2
17	3	5
18	3	3
19	1	6
20	6	2
21	3	1
22	6	6
23	5	3
24	2	2
25	3	2
26	1	5
27	4	3
28	6	4
29	2	6
30	6	3
31	6	5
32	6	5
33	3	4
34	5	3
35	2	3
36	4	5
37	6	2
38	6	5
39	5	3
40	3	6
41	3	3
42	5	2
43	2	5
44	1	1
1	3	1
2	6	1
3	2	3
4	4	6
5	6	4
6	1	3
7	1	5
8	3	4
9	6	6
10	1	3
11	3	3
12	4	2
13	4	1
14	2	3
15	3	2
16	4	3
17	4	5
18	3	4
19	2	4
20	5	4
21	3	2
22	1	5
23	6	6
24	1	4
25	2	2
26	3	2
27	4	4
28	6	3
29	4	1
30	6	5
31	4	5
32	1	1
1	5	2
2	2	5
3	1	2
4	1	3
5	6	1
6	3	4
7	6	6
8	3	6
9	1	3
10	1	4
11	6	2
12	4	3
13	6	4
14	1	1
1	5	3
2	1	2
3	6	6
4	4	6
5	2	2
6	3	1
7	2	6
8	1	4
9	4	6
10	2	3
11	5	1
12	1	1
1	1	5
2	2	3
3	5	5
4	3	1
5	1	4
6	1	5
7	2	1
8	1	1
1	1	2
2	3	2
3	5	3
4	3	5
5	3	4
6	3	4
7	1	6
8	3	4
9	2	1
10	3	3
11	4	2
12	6	6
13	3	4
14	1	4
15	1	1
1	1	3
2	3	2
3	1	1
1	3	5
2	5	3
3	3	2
4	2	5
5	6	3
6	6	6
7	4	1
8	6	1
9	4	5
10	3	1
11	1	3
12	2	4
13	4	3
14	3	5
15	2	2
16	3	4
17	2	4
18	6	6
19	5	4
20	2	3
21	6	3
22	4	5
23	2	4
24	4	6
25	1	2
26	4	2
27	6	1
28	2	2
29	6	2
30	6	5
31	2	4
32	1	6
33	2	6
34	2	6
35	3	4
36	6	5
37	6	6
38	1	2
39	6	2
40	3	1
41	2	4
42	2	6
43	4	6
44	6	6
45	5	3
46	6	2
47	5	2
48	5	1
49	4	3
50	1	3
51	1	6
52	4	5
53	5	5
54	1	6
55	2	4
56	3	1
57	5	1
58	1	6
59	3	5
60	5	4
61	6	3
62	4	5
63	3	6
64	1	6
65	4	6
66	1	2
67	1	6
68	5	1
69	1	6
70	2	2
71	5	1
72	1	5
73	2	2
74	2	3
75	3	5
76	2	1
77	3	6
78	4	3
79	4	1
80	2	2
81	5	2
82	3	1
83	2	1
84	6	5
85	1	5
86	5	3
87	2	3
88	4	6
89	5	6
90	1	6
91	3	6
92	6	6
93	4	5
94	3	4
95	2	4
96	3	5
97	6	5
98	2	2
99	1	5
100	3	3
101	4	6
102	5	2
103	5	6
104	1	2
105	2	1
106	4	4
107	2	6
108	6	6
109	2	1
110	5	3
111	3	4
112	1	2
113	3	1
114	4	1
115	2	3
116	2	3
117	5	5
118	4	1
119	5	6
120	2	6
121	1	6
122	4	4
123	1	6
124	2	6
125	3	6
126	3	6
127	4	6
128	5	3
129	2	5
130	6	4
131	4	4
132	3	2
133	1	5
134	1	3
135	3	2
136	3	1
137	3	4
138	4	5
139	1	1
1	4	6
2	1	1
1	6	1
2	5	1
3	3	6
4	3	2
5	1	1
1	2	2
2	3	6
3	6	2
4	6	4
5	3	2
6	1	2
7	5	6
8	3	4
9	4	1
10	5	3
11	2	6
12	4	6
13	6	5
14	1	5
15	2	2
16	1	5
17	2	5
18	6	5
19	6	1
20	1	5
21	6	3
22	5	4
23	1	1
1	2	5
2	5	3
3	5	4
4	6	2
5	1	2
6	4	5
7	1	5
8	1	6
9	2	6
10	6	6
11	2	2
12	1	4
13	6	2
14	2	4
15	6	6
16	6	2
17	5	6
18	1	5
19	1	2
20	2	2
21	2	5
22	1	4
23	3	1
24	6	3
25	4	2
26	5	3
27	5	4
28	6	4
29	2	5
30	5	5
31	1	3
32	1	3
33	2	5
34	4	1
35	1	1
1	3	3
2	4	3
3	2	4
4	1	1
1	1	1
1	5	6
2	6	4
3	2	1
4	6	6
5	4	4
6	1	2
7	4	5
8	6	5
9	5	1
10	5	4
11	3	6
12	5	3
13	4	2
14	3	3
15	4	1
16	6	2
17	3	2
18	5	4
19	2	1
20	4	5
21	4	4
22	3	2
23	4	4
24	6	4
25	1	2
26	5	3
27	2	1
28	4	1
29	6	3
30	4	1
31	4	3
32	1	1
1	5	1
2	1	5
3	6	1
4	4	2
5	5	2
6	2	3
7	5	3
8	4	3
9	5	5
10	4	1
11	2	4
12	4	6
13	6	1
14	1	4
15	3	6
16	1	1
1	2	2
2	1	2
3	1	6
4	3	6
5	2	2
6	5	2
7	6	4
8	2	1
9	6	3
10	6	5
11	4	6
12	4	4
13	5	2
14	5	5
15	1	3
16	4	2
17	4	2
18	3	5
19	3	2
20	4	2
21	2	1
22	5	4
23	1	5
24	4	6
25	5	2
26	5	6
27	6	6
28	4	3
29	3	3
30	6	4
31	2	4
32	1	3
33	1	5
34	6	6
35	3	1
36	5	6
37	2	5
38	1	3
39	3	5
40	1	5
41	3	4
42	6	4
43	6	1
44	1	5
45	5	2
46	1	1
1	4	5
2	4	6
3	1	5
4	4	4
5	6	5
6	6	2
7	2	3
8	1	3
9	2	1
10	5	4
11	3	1
12	6	6
13	5	3
14	4	2
15	6	4
16	1	3
17	2	2
18	3	3
19	5	6
20	3	5
21	4	1
22	5	3
23	1	3
24	1	4
25	3	3
26	3	5
27	4	5
28	3	1
29	2	3
30	1	6
31	6	5
32	4	3
33	5	4
34	6	2
35	2	4
36	5	1
37	6	5
38	2	3
39	3	2
40	1	5
41	2	4
42	5	2
43	6	1
44	2	2
45	2	1
46	5	4
47	6	2
48	6	2
49	5	1
50	1	5
51	5	3
52	4	6
53	4	1
54	2	6
55	2	6
56	5	1
57	2	1
58	5	5
59	3	2
60	5	4
61	6	5
62	5	1
63	5	2
64	5	4
65	6	5
66	4	2
67	4	4
68	2	2
69	4	3
70	2	6
71	5	3
72	6	4
73	4	4
74	1	6
75	6	5
76	1	4
77	3	2
78	2	6
79	6	5
80	3	6
81	3	1
82	5	4
83	5	2
84	1	6
85	1	1
1	4	1
2	5	3
3	4	2
4	1	1
1	6	5
2	5	2
3	3	2
4	3	4
5	5	5
6	4	1
7	6	2
8	5	1
9	1	6
10	5	2
11	6	3
12	3	2
13	3	5
14	3	3
15	4	6
16	6	4
17	4	3
18	2	6
19	5	2
20	4	5
21	1	5
22	4	1
23	3	5
24	3	6
25	3	3
26	6	3
27	6	3
28	1	5
29	2	5
30	2	4
31	5	1
32	4	1
33	1	3
34	1	2
35	2	1
36	3	6
37	3	4
38	6	2
39	5	5
40	5	2
41	3	3
42	1	2
43	5	1
44	5	5
45	4	4
46	2	6
47	6	6
48	5	4
49	1	4
50	1	4
51	1	5
52	3	5
53	5	2
54	6	2
55	6	5
56	6	1
57	5	5
58	3	4
59	1	6
60	1	6
61	2	1
62	2	3
63	2	2
64	3	3
65	3	4
66	4	1
67	4	1
68	5	1
69	1	4
70	2	2
71	6	5
72	2	3
73	5	4
74	6	2
75	3	6
76	3	5
77	1	1
1	1	3
2	1	4
3	5	1
4	2	1
5	1	5
6	6	3
7	4	3
8	1	6
9	4	1
10	2	1
11	1	6
12	4	4
13	2	5
14	6	5
15	1	6
16	4	2
17	1	4
18	3	6
19	3	3
20	2	4
21	4	3
22	5	1
23	2	4
24	5	2
25	5	4
26	5	3
27	1	4
28	6	5
29	6	2
30	6	3
31	5	1
32	6	6
33	5	4
34	1	1
1	5	4
2	4	3
3	2	4
4	1	2
5	5	1
6	5	2
7	5	3
8	1	1
1	5	1
2	6	1
3	2	6
4	6	3
5	2	3
6	5	3
7	4	1
8	2	1
9	2	3
10	6	5
11	6	3
12	2	4
13	6	3
14	4	3
15	2	3
16	5	3
17	2	1
18	5	2
19	5	3
20	5	6
21	3	6
22	5	3
23	3	4
24	5	2
25	3	5
26	2	3
27	1	3
28	1	4
29	4	3
30	6	5
31	4	1
32	1	5
33	2	1
34	2	5
35	6	4
36	1	4
37	2	6
38	1	1
1	6	3
2	3	4
3	4	3
4	1	5
5	2	4
6	4	5
7	2	4
8	5	5
9	6	3
10	3	6
11	1	3
12	1	1
1	2	1
2	5	4
3	6	2
4	2	2
5	4	3
6	6	5
7	1	1
1	2	4
2	1	3
3	3	4
4	5	1
5	5	5
6	5	2
7	5	3
8	4	2
9	1	4
10	2	3
11	6	1
12	6	1
13	3	4
14	5	1
15	3	2
16	1	3
17	4	5
18	1	1
1	4	2
2	2	3
3	2	5
4	6	2
5	6	1
6	6	3
7	1	3
8	1	4
9	3	1
10	5	5
11	6	2
12	4	2
13	3	4
14	4	2
15	1	1
1	1	3
2	2	1
3	5	3
4	6	5
5	5	4
6	4	6
7	6	1
8	3	4
9	4	5
10	3	3
11	1	5
12	4	6
13	6	2
14	2	1
15	3	2
16	2	4
17	3	2
18	2	4
19	1	5
20	2	4
21	5	4
22	5	5
23	2	6
24	3	5
25	5	5
26	6	3
27	2	3
28	5	4
29	4	5
30	4	3
31	5	5
32	1	4
33	4	2
34	4	3
35	2	6
36	2	6
37	6	2
38	5	4
39	1	5
40	5	2
41	1	3
42	3	4
43	6	5
44	2	3
45	6	6
46	3	3
47	6	4
48	4	4
49	4	3
50	3	2
51	6	2
52	5	6
53	6	1
54	3	5
55	4	5
56	6	4
57	3	2
58	6	2
59	5	6
60	6	6
61	1	2
62	6	5
63	5	6
64	1	5
65	6	2
66	5	4
67	1	6
68	1	2
69	1	4
70	6	2
71	1	2
72	5	5
73	1	3
74	1	2
75	2	4
76	2	4
77	6	4
78	1	3
79	6	2
80	5	1
81	2	4
82	2	5
83	1	1
1	6	5
2	3	1
3	5	5
4	6	1
5	1	4
6	4	5
7	5	5
8	2	3
9	1	5
10	4	5
11	2	1
12	1	2
13	6	2
14	4	5
15	1	1
1	1	5
2	4	5
3	5	2
4	5	2
5	2	3
6	4	4
7	1	6
8	6	6
9	4	5
10	4	4
11	1	3
12	4	5
13	2	3
14	3	6
15	5	1
16	5	6
17	1	5
18	5	6
19	1	3
20	5	6
21	6	4
22	1	5
23	1	3
24	6	3
25	5	1
26	4	5
27	5	4
28	6	3
29	1	6
30	4	3
31	2	6
32	4	1
33	4	4
34	3	4
35	4	1
36	5	3
37	6	3
38	6	6
39	3	6
40	2	5
41	4	4
42	5	4
43	6	2
44	2	6
45	1	1
1	2	1
2	6	1
3	1	1
1	6	1
2	3	3
3	4	2
4	3	5
5	5	2
6	1	6
7	6	1
8	5	6
9	5	2
10	6	5
11	4	2
12	4	6
13	5	3
14	1	5
15	2	3
16	1	2
17	3	2
18	5	5
19	6	6
20	4	5
21	5	2
22	3	5
23	1	1
1	2	6
2	2	5
3	2	1
4	6	5
5	6	6
6	6	4
7	1	1
1	3	1
2	2	6
3	5	3
4	1	4
5	2	4
6	6	4
7	5	2
8	3	5
9	6	3
10	3	1
11	6	6
12	3	5
13	4	1
14	5	6
15	2	5
16	1	3
17	1	5
18	5	5
19	2	2
20	6	3
21	1	1
1	5	3
2	4	5
3	3	2
4	4	5
5	4	1
6	1	4
7	3	6
8	3	6
9	3	2
10	6	5
11	6	2
12	3	4
13	6	4
14	1	5
15	2	1
16	6	1
17	2	6
18	4	2
19	6	4
20	3	1
21	3	5
22	1	1
