2.06
94.28
14.01
37.36
79.88
43.86
0.34
59.16
8.88
52.36
24.59
3.19
23.05
55.60
17.04
58.92
51.60
74.35
71.87
97.79
38.58
12.55
98.47
4.68
78.83
18.82
54.25
5.21
56.96
67.85
9.67
5.25
85.26
51.98
68.35
64.48
36.38
41.46
50.54
93.41
96.12
81.59
97.92
58.23
92.31
88.31
75.45
10.57
9.67
67.40
71.22
45.51
35.06
87.27
73.74
19.33
73.69
71.39
73.90
72.62
39.28
76.06
10.97
19.90
33.04
73.76
96.64
92.08
80.11
9.88
84.62
70.69
33.69
91.93
39.45
83.85
63.28
11.97
94.28
10.57
20.89
50.18
72.24
9.49
20.52
8.73
0.46
67.23
2.58
40.52
43.32
17.15
63.69
59.51
48.09
69.51
18.52
61.80
53.50
93.92
46.51
end